//Exported ASCII-File
[Header]
FileName = C:\Users\reoml\Desktop\Mestrado\mapa raman\novas medidas\Medidas Raman - Rafael\Medidas Raman - Rafael\GO em substrato metalico (0.01 com e sem EDA) - Rafael.WIP
ImageName = Scan_003_Spec.Data 1_F: Min & Max -> Maximum [1516.3 rel. 1/cm -> 1677.3 rel. 1/cm]
PointsPerLine = 61
LinesPerImage = 61
ScanUnit = µm
ScanWidth = 30
ScanHeight = 30
ScanOriginX = -2.01399993896484
ScanOriginY = 0.526000022888184
ScanOriginZ = 0
DataUnit = CCD cts
[Data]
 2.37338E+01	 1.94395E+01	 1.43129E+01	 1.50322E+01	 1.27588E+01	 1.01935E+01	 1.07089E+01	 1.76330E+01	 2.04566E+01	 3.19716E+01	 2.54716E+01	 1.88924E+01	 2.04336E+01	 1.02713E+01	 1.34476E+01	 1.03951E+01	 1.18061E+01	 1.02595E+01	 8.54115E+00	 1.16885E+01	 1.19328E+01	 1.03454E+01	 2.39878E+01	 2.67338E+01	 1.29472E+01	 1.66836E+01	 1.99354E+01	 1.41903E+01	 1.07469E+01	 1.07500E+01	 1.35649E+01	 1.85030E+01	 1.36895E+01	 1.47365E+01	 1.59192E+01	 1.87164E+01	 1.25858E+01	 1.00678E+01	 8.28391E+00	 8.17447E+00	 7.91458E+00	 6.13337E+00	 7.58301E+00	 9.04716E+00	 1.03734E+01	 1.38874E+01	 1.33904E+01	 9.75000E+00	 1.52713E+01	 2.54273E+01	 2.98893E+01	 2.89305E+01	 2.44314E+01	 2.13793E+01	 2.00927E+01	 1.94908E+01	 1.63472E+01	 1.03110E+01	 9.31822E+00	 2.02311E+01	 2.62530E+01
 1.66097E+01	 1.20319E+01	 1.30322E+01	 1.27658E+01	 1.20583E+01	 1.28725E+01	 1.16284E+01	 1.18543E+01	 1.58201E+01	 2.35334E+01	 1.85552E+01	 1.86720E+01	 1.30030E+01	 1.36293E+01	 1.12437E+01	 9.89210E+00	 1.29299E+01	 1.18834E+01	 1.62903E+01	 1.12184E+01	 6.46870E+00	 1.05703E+01	 2.00792E+01	 3.50396E+01	 3.51921E+01	 1.48353E+01	 1.23341E+01	 1.08870E+01	 1.01043E+01	 9.49688E+00	 1.94068E+01	 2.51374E+01	 2.04055E+01	 1.38292E+01	 1.02319E+01	 6.12930E+00	 9.19757E+00	 7.56963E+00	 9.03778E+00	 8.88337E+00	 1.06473E+01	 7.87840E+00	 1.17945E+01	 1.11832E+01	 1.29299E+01	 2.16600E+01	 9.70463E+00	 8.19351E+00	 1.41814E+01	 2.24109E+01	 4.31775E+01	 4.17252E+01	 3.54752E+01	 2.46986E+01	 1.89033E+01	 1.62848E+01	 1.80217E+01	 1.22241E+01	 1.19317E+01	 2.29655E+01	 2.76972E+01
 2.25030E+01	 1.12500E+01	 1.12019E+01	 1.06677E+01	 1.03110E+01	 1.31293E+01	 9.58760E+00	 1.06712E+01	 1.19038E+01	 1.60732E+01	 1.69305E+01	 1.15887E+01	 1.09395E+01	 1.17713E+01	 1.56720E+01	 1.14822E+01	 1.16505E+01	 1.40916E+01	 1.40935E+01	 1.26293E+01	 9.45978E+00	 1.10615E+01	 1.10168E+01	 1.34634E+01	 1.98607E+01	 1.32921E+01	 9.83366E+00	 1.16230E+01	 1.09354E+01	 1.14637E+01	 1.06522E+01	 1.75552E+01	 1.97995E+01	 1.67513E+01	 2.07125E+01	 1.85276E+01	 1.47469E+01	 1.69132E+01	 1.65402E+01	 1.08612E+01	 8.34452E+00	 7.12023E+00	 1.01147E+01	 9.89514E+00	 1.29313E+01	 1.38730E+01	 1.37193E+01	 1.44779E+01	 2.03924E+01	 2.21009E+01	 3.63008E+01	 5.00477E+01	 4.80575E+01	 3.63184E+01	 3.21968E+01	 2.36927E+01	 2.02588E+01	 1.02780E+01	 7.61122E+00	 1.14664E+01	 2.01170E+01
 1.77125E+01	 1.12125E+01	 1.06166E+01	 7.72244E+00	 1.21867E+01	 1.60792E+01	 1.71807E+01	 1.43703E+01	 1.41203E+01	 1.77026E+01	 1.97138E+01	 1.21591E+01	 1.12797E+01	 1.22408E+01	 1.38824E+01	 1.54121E+01	 1.51671E+01	 1.32138E+01	 1.65208E+01	 1.69421E+01	 1.80159E+01	 1.79716E+01	 1.60152E+01	 1.23129E+01	 8.99688E+00	 8.81671E+00	 7.36923E+00	 9.91955E+00	 1.28856E+01	 2.13476E+01	 1.99869E+01	 1.16473E+01	 1.10198E+01	 1.40346E+01	 1.78841E+01	 1.50213E+01	 1.32365E+01	 1.49309E+01	 1.66306E+01	 1.51736E+01	 1.51193E+01	 8.61696E+00	 7.47932E+00	 6.85669E+00	 7.78209E+00	 7.65548E+00	 8.82315E+00	 6.59980E+00	 1.04684E+01	 2.59317E+01	 3.64151E+01	 4.57058E+01	 4.18062E+01	 3.84635E+01	 3.02066E+01	 2.60596E+01	 1.92527E+01	 1.33513E+01	 7.16683E+00	 7.50000E+00	 6.05830E+00
 1.39878E+01	 1.03624E+01	 8.11236E+00	 9.16767E+00	 1.21101E+01	 1.88830E+01	 2.44115E+01	 2.02849E+01	 2.15008E+01	 2.93417E+01	 3.13066E+01	 2.12989E+01	 1.59535E+01	 1.96101E+01	 2.13094E+01	 1.73304E+01	 1.66704E+01	 1.70570E+01	 2.02849E+01	 2.02028E+01	 1.85274E+01	 1.86234E+01	 2.17084E+01	 1.96259E+01	 1.53793E+01	 1.30346E+01	 1.00805E+01	 1.16230E+01	 1.47374E+01	 1.10005E+01	 9.82505E+00	 1.08083E+01	 8.00353E+00	 5.97244E+00	 1.09314E+01	 1.56621E+01	 1.70977E+01	 1.93109E+01	 2.17541E+01	 1.80124E+01	 1.11555E+01	 1.30194E+01	 9.26943E+00	 5.33980E+00	 9.82917E+00	 7.12344E+00	 7.16767E+00	 8.67358E+00	 1.70421E+01	 3.43101E+01	 3.69218E+01	 3.36104E+01	 2.56179E+01	 1.96749E+01	 1.92401E+01	 1.82134E+01	 1.35389E+01	 7.99093E+00	 8.91955E+00	 8.87842E+00	 6.25706E+00
 1.22438E+01	 1.14862E+01	 9.24311E+00	 9.85173E+00	 1.32994E+01	 1.51017E+01	 2.21167E+01	 3.33202E+01	 3.82785E+01	 3.98638E+01	 3.28391E+01	 2.11770E+01	 1.40297E+01	 1.92490E+01	 3.53667E+01	 4.04534E+01	 2.93260E+01	 2.63862E+01	 3.21331E+01	 2.80318E+01	 2.19305E+01	 2.15415E+01	 1.47530E+01	 1.73793E+01	 1.75213E+01	 1.62668E+01	 1.23511E+01	 1.13647E+01	 1.12848E+01	 1.25975E+01	 1.24146E+01	 8.47244E+00	 8.71245E+00	 7.24093E+00	 7.65836E+00	 7.31217E+00	 1.16836E+01	 1.80986E+01	 1.82989E+01	 1.61230E+01	 1.06646E+01	 1.00198E+01	 1.06424E+01	 7.95573E+00	 8.67078E+00	 5.87237E+00	 7.27438E+00	 7.78802E+00	 8.79838E+00	 1.71284E+01	 2.31203E+01	 2.44664E+01	 2.15891E+01	 1.78841E+01	 1.83793E+01	 1.26696E+01	 1.09177E+01	 7.76484E+00	 7.78658E+00	 8.69206E+00	 6.48621E+00
 1.65247E+01	 1.12514E+01	 8.44757E+00	 8.88242E+00	 1.07098E+01	 1.79270E+01	 2.79540E+01	 3.39494E+01	 4.17561E+01	 4.27660E+01	 3.22804E+01	 2.00894E+01	 1.50570E+01	 1.44786E+01	 2.32862E+01	 3.38224E+01	 3.74594E+01	 3.41951E+01	 2.77073E+01	 1.86463E+01	 1.62846E+01	 1.39427E+01	 8.44272E+00	 9.27075E+00	 1.89051E+01	 2.55152E+01	 2.99329E+01	 2.01463E+01	 1.62708E+01	 1.61270E+01	 1.33449E+01	 8.58499E+00	 6.00000E+00	 6.30016E+00	 7.87022E+00	 8.14232E+00	 8.94206E+00	 8.17038E+00	 8.94150E+00	 9.59575E+00	 8.92288E+00	 7.79115E+00	 9.89922E+00	 1.09132E+01	 8.80016E+00	 9.13834E+00	 7.90280E+00	 8.41683E+00	 8.12344E+00	 7.24311E+00	 7.26943E+00	 1.20583E+01	 1.17936E+01	 1.08834E+01	 1.04196E+01	 8.56151E+00	 6.99369E+00	 6.25990E+00	 5.18346E+00	 5.45841E+00	 6.64922E+00
 2.14957E+01	 1.67138E+01	 1.19367E+01	 1.13883E+01	 1.60533E+01	 1.84051E+01	 1.94220E+01	 2.32708E+01	 2.83463E+01	 2.54609E+01	 1.93151E+01	 1.57508E+01	 1.29421E+01	 1.31343E+01	 1.88517E+01	 2.47257E+01	 3.03229E+01	 3.52359E+01	 3.67747E+01	 2.89293E+01	 2.31732E+01	 2.23440E+01	 1.44051E+01	 1.01867E+01	 7.43671E+00	 9.04838E+00	 1.68251E+01	 2.08784E+01	 1.44885E+01	 1.10411E+01	 1.04385E+01	 7.86926E+00	 7.16004E+00	 7.94150E+00	 7.94463E+00	 7.15548E+00	 7.79838E+00	 8.04433E+00	 1.05662E+01	 1.15443E+01	 1.09168E+01	 9.08002E+00	 1.00217E+01	 9.21339E+00	 9.34542E+00	 1.03793E+01	 1.46591E+01	 1.57834E+01	 1.23924E+01	 8.81016E+00	 6.82774E+00	 7.09717E+00	 8.78658E+00	 8.78658E+00	 9.12022E+00	 9.63337E+00	 8.70466E+00	 7.10130E+00	 5.91003E+00	 5.12845E+00	 5.75000E+00
 2.96009E+01	 1.99747E+01	 1.48451E+01	 1.52401E+01	 1.50418E+01	 1.55248E+01	 1.49367E+01	 1.39196E+01	 1.46696E+01	 1.21334E+01	 1.16334E+01	 1.05213E+01	 1.11799E+01	 1.44299E+01	 1.91972E+01	 2.49006E+01	 2.82554E+01	 2.95384E+01	 2.82721E+01	 2.53874E+01	 2.78109E+01	 3.15871E+01	 2.59534E+01	 1.76234E+01	 1.07918E+01	 9.83760E+00	 1.52652E+01	 1.82401E+01	 1.21017E+01	 1.00030E+01	 1.25617E+01	 1.55828E+01	 1.30570E+01	 1.08482E+01	 1.20489E+01	 1.37247E+01	 1.19625E+01	 1.17943E+01	 1.25887E+01	 9.79838E+00	 9.88337E+00	 9.68986E+00	 9.01035E+00	 9.20282E+00	 1.37316E+01	 2.09006E+01	 2.58880E+01	 2.02523E+01	 1.55248E+01	 1.40484E+01	 8.71836E+00	 5.33002E+00	 5.15415E+00	 6.12615E+00	 7.49311E+00	 1.08300E+01	 1.45217E+01	 1.38276E+01	 7.71641E+00	 5.32006E+00	 5.10804E+00
 2.60940E+01	 2.42934E+01	 2.06749E+01	 1.72902E+01	 1.31522E+01	 1.26572E+01	 1.15445E+01	 1.18052E+01	 8.62031E+00	 1.01836E+01	 1.06101E+01	 8.61236E+00	 1.15380E+01	 1.00027E+01	 1.66600E+01	 2.80118E+01	 3.43585E+01	 4.04702E+01	 3.03911E+01	 2.19715E+01	 2.25426E+01	 2.70742E+01	 2.88193E+01	 2.55552E+01	 1.99664E+01	 1.79486E+01	 2.52116E+01	 3.19616E+01	 2.59584E+01	 1.87205E+01	 1.92707E+01	 2.10434E+01	 1.58963E+01	 1.03502E+01	 1.36600E+01	 2.07513E+01	 1.63830E+01	 1.42043E+01	 1.16867E+01	 1.29421E+01	 1.15777E+01	 1.07513E+01	 1.10013E+01	 1.18437E+01	 1.47846E+01	 2.00026E+01	 2.15792E+01	 1.39770E+01	 1.09403E+01	 9.40547E+00	 8.20346E+00	 8.44302E+00	 6.06822E+00	 7.42987E+00	 1.00336E+01	 1.17836E+01	 1.79249E+01	 1.73784E+01	 9.02805E+00	 5.64232E+00	 4.38737E+00
 2.71501E+01	 2.51849E+01	 2.09526E+01	 2.08513E+01	 1.88232E+01	 1.82513E+01	 2.08096E+01	 1.57903E+01	 9.42587E+00	 8.92255E+00	 8.94351E+00	 8.64551E+00	 8.76259E+00	 7.93085E+00	 1.01393E+01	 1.90760E+01	 3.42375E+01	 3.89483E+01	 3.66970E+01	 2.27785E+01	 2.36895E+02	 4.86267E+02	 2.12896E+01	 2.00837E+01	 1.91393E+01	 1.90534E+01	 1.81646E+01	 1.74296E+01	 1.88193E+01	 1.21814E+01	 1.29336E+01	 1.21370E+01	 9.79838E+00	 8.83304E+00	 1.61972E+01	 2.23341E+01	 1.40088E+01	 7.55335E+00	 8.84159E+00	 8.30915E+00	 1.08182E+01	 1.88793E+01	 2.42247E+01	 2.08433E+01	 1.15229E+01	 1.11615E+01	 1.31183E+01	 9.38644E+00	 6.99503E+00	 6.52760E+00	 8.21836E+00	 6.15777E+00	 6.83042E+00	 8.19463E+00	 1.22427E+01	 2.31819E+01	 3.12863E+01	 2.54651E+01	 1.06393E+01	 5.66602E+00	 4.39428E+00
 1.70805E+01	 1.90194E+01	 1.92995E+01	 2.11696E+01	 1.56293E+01	 1.63513E+01	 2.69329E+01	 2.43408E+01	 1.87164E+01	 1.33449E+01	 8.81284E+00	 7.19961E+00	 6.76484E+00	 7.12253E+00	 6.95865E+00	 7.79716E+00	 1.50326E+01	 1.74990E+01	 1.72652E+01	 1.46505E+01	 1.55751E+01	 1.36632E+01	 1.27401E+01	 1.62084E+01	 2.34665E+01	 2.55221E+01	 1.53555E+01	 7.25135E+00	 9.02075E+00	 9.87838E+00	 7.13242E+00	 7.69029E+00	 8.00135E+00	 8.16767E+00	 7.76979E+00	 9.89727E+00	 8.51901E+00	 1.11646E+01	 8.35032E+00	 6.89551E+00	 1.07137E+01	 2.80207E+01	 3.50640E+01	 2.09747E+01	 1.29367E+01	 1.43955E+01	 1.33056E+01	 8.39232E+00	 5.56963E+00	 6.14108E+00	 7.05915E+00	 6.16364E+00	 7.66608E+00	 7.97244E+00	 1.29449E+01	 1.97138E+01	 2.29797E+01	 2.14051E+01	 1.67934E+01	 9.60547E+00	 1.00190E+01
 2.30701E+01	 2.18555E+01	 1.98291E+01	 2.55434E+01	 2.03522E+01	 1.92848E+01	 2.29055E+01	 3.28317E+01	 3.60129E+01	 1.83328E+01	 8.78778E+00	 7.56419E+00	 1.23719E+01	 1.56067E+01	 2.01819E+01	 9.85130E+00	 7.48851E+00	 1.00000E+01	 1.34146E+01	 1.51013E+01	 1.50916E+01	 1.38933E+01	 1.82843E+01	 1.69091E+01	 1.86293E+01	 1.38513E+01	 1.06555E+01	 9.97136E+00	 9.77805E+00	 7.46836E+00	 8.46245E+00	 7.71339E+00	 9.49595E+00	 9.75495E+00	 8.44757E+00	 6.88337E+00	 7.30915E+00	 1.12327E+01	 1.12903E+01	 8.99189E+00	 1.11411E+01	 2.27224E+01	 3.00040E+01	 2.45221E+01	 1.78485E+01	 1.49443E+01	 1.48784E+01	 9.97061E+00	 6.75706E+00	 8.64727E+00	 8.15222E+00	 5.98189E+00	 9.00000E+00	 6.26117E+00	 5.50132E+00	 1.16621E+01	 1.40431E+01	 2.35217E+01	 2.88784E+01	 1.74449E+01	 7.48091E+00
 2.82945E+01	 2.16230E+01	 1.95434E+01	 1.98265E+01	 2.05791E+01	 1.87530E+01	 1.56463E+01	 1.86568E+01	 2.24869E+01	 1.46831E+01	 1.02846E+01	 1.10421E+01	 1.48337E+01	 2.29454E+01	 3.32568E+01	 2.04822E+01	 1.04496E+01	 9.99595E+00	 1.49055E+01	 1.34121E+01	 1.20158E+01	 1.71759E+01	 1.98110E+01	 1.88463E+01	 1.45380E+01	 1.47057E+01	 1.56293E+01	 1.47297E+01	 1.33251E+01	 1.07459E+01	 1.19927E+01	 9.51589E+00	 8.13564E+00	 1.45552E+01	 1.73532E+01	 1.92717E+01	 2.21017E+01	 1.85792E+01	 1.18435E+01	 1.10106E+01	 1.33416E+01	 1.92667E+01	 2.77438E+01	 2.64408E+01	 2.22332E+01	 2.15434E+01	 1.64819E+01	 1.38488E+01	 1.26678E+01	 1.78730E+01	 1.38774E+01	 6.87703E+00	 5.98320E+00	 5.82006E+00	 6.00000E+00	 6.40777E+00	 7.54838E+00	 1.74472E+01	 2.12184E+01	 1.40026E+01	 1.06156E+01
 2.08044E+01	 1.60977E+01	 1.75167E+01	 1.53061E+01	 1.44543E+01	 1.36660E+01	 1.52469E+01	 1.78860E+01	 1.69543E+01	 1.78482E+01	 1.76284E+01	 1.34793E+01	 1.64684E+01	 2.16193E+01	 2.11671E+01	 2.29547E+01	 2.00421E+01	 1.37902E+01	 1.52319E+01	 1.33304E+01	 1.56696E+01	 1.54068E+01	 2.28115E+01	 1.91219E+01	 1.96600E+01	 2.47896E+01	 2.16951E+01	 2.52086E+01	 1.66814E+01	 1.05396E+01	 9.01035E+00	 9.58366E+00	 1.04901E+01	 1.26393E+01	 2.07638E+01	 2.54354E+01	 2.56430E+01	 1.89625E+01	 1.87138E+01	 1.86230E+01	 1.97747E+01	 1.95366E+01	 1.83305E+01	 1.75434E+01	 1.75005E+01	 1.87713E+01	 1.77508E+01	 1.63860E+01	 9.31963E+00	 1.15701E+01	 1.45963E+01	 1.01147E+01	 7.43739E+00	 6.44789E+00	 6.56822E+00	 9.17986E+00	 1.26252E+01	 1.13624E+01	 1.54206E+01	 8.81016E+00	 4.45047E+00
 1.40140E+01	 1.48002E+01	 1.56423E+01	 1.84243E+01	 1.52648E+01	 1.38676E+01	 1.82206E+01	 1.73703E+01	 2.07945E+01	 2.01330E+01	 1.84173E+01	 1.90561E+01	 2.03391E+01	 1.72713E+01	 1.38300E+01	 1.31193E+01	 8.94302E+00	 9.42986E+00	 1.40655E+01	 1.34270E+01	 1.33513E+01	 1.57450E+01	 1.46615E+01	 1.90887E+01	 2.92351E+01	 2.52508E+01	 3.42116E+01	 3.31972E+01	 1.99832E+01	 1.20186E+01	 1.21867E+01	 1.24395E+01	 1.31555E+01	 1.62351E+01	 1.32707E+01	 1.78292E+01	 1.56013E+01	 1.81166E+01	 1.73963E+01	 1.67862E+01	 1.77365E+01	 1.09712E+01	 1.32400E+01	 1.37595E+01	 1.47286E+01	 1.66465E+01	 1.45445E+01	 1.22206E+01	 8.20346E+00	 1.04236E+01	 1.04822E+01	 9.66408E+00	 1.17224E+01	 1.14602E+01	 8.44206E+00	 7.74369E+00	 1.44908E+01	 1.71660E+01	 2.82311E+01	 1.43834E+01	 4.44961E+00
 1.31976E+01	 1.10345E+01	 1.63102E+01	 1.47774E+01	 1.60152E+01	 1.66364E+01	 1.77460E+01	 1.70434E+01	 2.02797E+01	 1.87286E+01	 2.11968E+01	 1.74770E+01	 1.68955E+01	 1.92164E+01	 1.43921E+01	 8.01259E+00	 8.28887E+00	 1.03901E+01	 9.25955E+00	 1.08567E+01	 1.18578E+01	 1.04786E+01	 1.58196E+01	 1.90602E+01	 1.99654E+01	 2.42066E+01	 3.44594E+01	 4.44676E+01	 2.63897E+01	 1.25159E+01	 1.52921E+01	 1.70669E+01	 2.18482E+01	 2.28667E+01	 1.71926E+01	 1.56360E+01	 1.27767E+01	 1.63719E+01	 1.49838E+01	 1.76935E+01	 2.46017E+01	 1.19307E+01	 8.47507E+00	 1.08272E+01	 1.99904E+01	 2.23143E+01	 1.76903E+01	 1.12279E+01	 7.92271E+00	 7.61068E+00	 1.16600E+01	 9.71373E+00	 9.54941E+00	 1.47023E+01	 1.11275E+01	 9.25000E+00	 1.34177E+01	 1.11334E+01	 2.92248E+01	 2.80570E+01	 6.73516E+00
 1.27780E+01	 1.07640E+01	 1.28337E+01	 1.47514E+01	 1.63391E+01	 1.83834E+01	 1.64055E+01	 1.43901E+01	 1.44865E+01	 1.20217E+01	 1.34100E+01	 1.48083E+01	 1.48752E+01	 9.25000E+00	 1.02469E+01	 1.15182E+01	 8.27170E+00	 9.35130E+00	 9.97786E+00	 9.69605E+00	 1.33752E+01	 1.05280E+01	 1.35339E+01	 1.85158E+01	 2.03115E+01	 1.99638E+01	 2.57229E+01	 3.63900E+01	 3.28292E+01	 1.19664E+01	 1.54769E+01	 1.91259E+01	 1.65972E+01	 1.54055E+01	 1.64427E+01	 1.30276E+01	 1.44314E+01	 1.16170E+01	 1.00853E+01	 8.52089E+00	 1.81819E+01	 2.15316E+01	 1.45000E+01	 1.50443E+01	 1.79885E+01	 1.66867E+01	 1.01903E+01	 8.04433E+00	 7.13835E+00	 5.78658E+00	 9.48223E+00	 1.12776E+01	 5.54454E+00	 5.81963E+00	 5.96232E+00	 5.08804E+00	 7.15912E+00	 7.77076E+00	 2.14878E+01	 2.90544E+01	 7.84159E+00
 1.43666E+01	 1.48083E+01	 1.10502E+01	 1.45013E+01	 1.59395E+01	 1.59168E+01	 1.46854E+01	 1.40403E+01	 1.65968E+01	 1.07626E+01	 1.31799E+01	 1.41274E+01	 1.14687E+01	 1.00247E+01	 8.10443E+00	 7.13472E+00	 9.03887E+00	 1.17921E+01	 7.83301E+00	 1.04523E+01	 1.62351E+01	 2.22109E+01	 1.58475E+01	 1.93679E+01	 2.11022E+01	 1.05095E+01	 1.05071E+01	 1.84476E+01	 2.16057E+01	 1.69296E+01	 1.13102E+01	 1.09819E+01	 1.53532E+01	 1.49033E+01	 1.64496E+01	 9.93672E+00	 9.14013E+00	 9.73738E+00	 7.39557E+00	 1.06202E+01	 1.09714E+01	 1.86166E+01	 2.16257E+01	 2.53328E+01	 2.01805E+01	 1.44557E+01	 9.41458E+00	 5.41921E+00	 6.83165E+00	 6.49273E+00	 7.09159E+00	 8.98162E+00	 8.47474E+00	 8.23091E+00	 4.00000E+00	 7.39428E+00	 7.87977E+00	 7.56716E+00	 1.85167E+01	 1.32648E+01	 1.69950E+01
 1.27043E+01	 9.53081E+00	 1.24557E+01	 1.52945E+01	 2.18209E+01	 2.03201E+01	 1.55276E+01	 1.16270E+01	 1.10247E+01	 1.02224E+01	 7.92785E+00	 2.20213E+01	 3.05285E+01	 1.73391E+01	 1.74336E+01	 8.56016E+00	 1.22408E+01	 1.39332E+01	 9.63927E+00	 1.20622E+01	 2.04051E+01	 2.46341E+01	 1.33834E+01	 1.55975E+01	 1.51370E+01	 9.79877E+00	 7.05335E+00	 1.27419E+01	 1.63070E+01	 1.73870E+01	 1.55988E+01	 1.66284E+01	 1.46293E+01	 1.83567E+01	 1.62717E+01	 1.18666E+01	 4.35032E+00	 5.93672E+00	 5.03209E+00	 6.61263E+00	 1.23513E+01	 1.50751E+01	 1.41374E+01	 2.06450E+01	 2.27526E+01	 1.94069E+01	 8.94168E+00	 4.97642E+00	 3.84676E+00	 5.86466E+00	 6.38612E+00	 8.94263E+00	 1.04042E+01	 5.40777E+00	 5.83301E+00	 6.36926E+00	 8.87344E+00	 1.10194E+01	 1.30099E+01	 1.29557E+01	 2.11918E+01
 1.16903E+01	 1.24435E+01	 9.80335E+00	 1.90213E+01	 2.50792E+01	 2.77926E+01	 1.90213E+01	 1.25380E+01	 1.13555E+01	 8.24540E+00	 1.01307E+01	 2.17530E+01	 3.20023E+01	 2.64268E+01	 1.99051E+01	 1.17880E+01	 7.98186E+00	 1.15732E+01	 1.30410E+01	 1.28567E+01	 2.26354E+01	 1.48317E+01	 1.25725E+01	 1.60954E+01	 1.21055E+01	 1.16170E+01	 7.84348E+00	 1.36009E+01	 1.67338E+01	 1.91284E+01	 1.68517E+01	 1.60652E+01	 2.43096E+01	 4.00891E+01	 3.67079E+01	 1.29919E+01	 7.09717E+00	 7.53887E+00	 5.18739E+00	 4.58002E+00	 6.38340E+00	 1.99634E+01	 1.31641E+01	 1.60963E+01	 2.00027E+01	 1.87606E+01	 1.03856E+01	 6.38834E+00	 5.92646E+00	 3.86854E+00	 5.83229E+00	 5.84676E+00	 5.87747E+00	 7.27438E+00	 5.53026E+00	 6.41004E+00	 6.15458E+00	 1.28427E+01	 6.58229E+00	 1.25592E+01	 2.57547E+01
 1.45975E+01	 1.47588E+01	 1.48300E+01	 1.92667E+01	 3.28371E+01	 3.48708E+01	 2.39262E+01	 1.47729E+01	 1.09637E+01	 1.10346E+01	 1.34022E+01	 2.38010E+01	 3.15765E+01	 2.37257E+01	 2.37216E+01	 1.42247E+01	 9.38604E+00	 1.24121E+01	 1.35495E+01	 1.35346E+01	 1.90145E+01	 1.25343E+01	 9.61466E+00	 8.88737E+00	 1.02286E+01	 8.79877E+00	 1.02187E+01	 1.62138E+01	 1.79268E+01	 1.91650E+01	 1.88679E+01	 2.31908E+01	 4.38279E+01	 3.98256E+01	 2.66513E+01	 8.70466E+00	 5.99688E+00	 5.35804E+00	 3.89065E+00	 4.37022E+00	 8.31488E+00	 1.19589E+01	 1.08337E+01	 1.26203E+01	 1.78909E+01	 1.77220E+01	 8.78345E+00	 5.33366E+00	 4.53767E+00	 6.01582E+00	 8.12344E+00	 7.64232E+00	 5.67078E+00	 6.97244E+00	 5.76035E+00	 1.00168E+01	 1.23923E+01	 1.78454E+01	 1.46183E+01	 8.90048E+00	 1.59278E+01
 2.29319E+01	 2.29609E+01	 2.42155E+01	 2.19685E+01	 2.96451E+01	 3.22397E+01	 2.63692E+01	 1.42401E+01	 1.21704E+01	 9.07774E+00	 1.58502E+01	 2.79007E+01	 2.56951E+01	 2.47293E+01	 2.02461E+01	 1.64838E+01	 2.12220E+01	 2.96912E+01	 3.04069E+01	 2.49678E+01	 1.70891E+01	 8.89245E+00	 9.08451E+00	 7.81621E+00	 9.39922E+00	 6.93851E+00	 7.87524E+00	 1.07988E+01	 1.00951E+01	 1.71972E+01	 1.93096E+01	 1.98476E+01	 2.11671E+01	 2.20434E+01	 1.42134E+01	 7.72136E+00	 6.37951E+00	 5.44826E+00	 3.92544E+00	 4.88146E+00	 5.62779E+00	 6.02519E+00	 6.56822E+00	 8.35669E+00	 9.09768E+00	 1.02035E+01	 8.14551E+00	 5.42358E+00	 3.64229E+00	 5.96641E+00	 9.41955E+00	 7.20978E+00	 7.60669E+00	 5.79433E+00	 8.52075E+00	 9.88412E+00	 1.65570E+01	 2.56813E+01	 2.14001E+01	 1.47316E+01	 1.49022E+01
 2.48679E+01	 2.99273E+01	 2.03893E+01	 1.60544E+01	 1.63320E+01	 1.78679E+01	 1.66845E+01	 1.38664E+01	 1.00853E+01	 1.42322E+01	 2.57915E+01	 3.67884E+01	 3.15150E+01	 2.05986E+01	 1.35667E+01	 1.19557E+01	 2.09506E+01	 2.82523E+01	 2.47628E+01	 1.46600E+01	 8.31096E+00	 7.25132E+00	 8.96245E+00	 7.09270E+00	 4.31201E+00	 4.77181E+00	 1.13300E+01	 1.92934E+01	 1.98667E+01	 1.25334E+01	 1.44839E+01	 1.54535E+01	 1.84317E+01	 1.65349E+01	 1.53513E+01	 1.33795E+01	 7.75135E+00	 5.36926E+00	 4.71641E+00	 5.68779E+00	 4.74823E+00	 7.16683E+00	 7.71836E+00	 9.21644E+00	 1.08907E+01	 5.74010E+00	 4.63242E+00	 4.58915E+00	 8.37977E+00	 1.29705E+01	 1.76167E+01	 1.04078E+01	 5.70841E+00	 4.39329E+00	 5.04838E+00	 9.61006E+00	 1.91968E+01	 2.85724E+01	 2.77741E+01	 1.84056E+01	 1.18400E+01
 2.28328E+01	 2.13346E+01	 1.97667E+01	 1.70410E+01	 1.22125E+01	 1.42408E+01	 1.58601E+01	 1.39816E+01	 1.23647E+01	 1.34022E+01	 2.54716E+01	 3.83638E+01	 3.37086E+01	 1.99051E+01	 1.01935E+01	 7.67987E+00	 8.16955E+00	 9.96245E+00	 1.00777E+01	 7.62253E+00	 5.37253E+00	 6.07006E+00	 7.62524E+00	 9.63737E+00	 7.63242E+00	 8.74093E+00	 1.60489E+01	 2.07816E+01	 2.16986E+01	 1.83251E+01	 1.54950E+01	 1.36166E+01	 1.37339E+01	 2.31078E+01	 2.82155E+01	 2.40322E+01	 9.78778E+00	 6.43359E+00	 6.08042E+00	 4.98091E+00	 4.01259E+00	 3.25353E+00	 2.83301E+00	 7.50176E+00	 1.25217E+01	 1.04236E+01	 7.08204E+00	 3.94605E+00	 1.27658E+01	 2.27645E+01	 2.64770E+01	 1.78784E+01	 8.69168E+00	 6.14329E+00	 6.91767E+00	 1.10853E+01	 2.05544E+01	 2.91845E+01	 2.65152E+01	 1.72138E+01	 1.23472E+01
 2.51009E+01	 2.33476E+01	 2.13475E+01	 1.76360E+01	 1.19819E+01	 9.25000E+00	 1.20018E+01	 1.03503E+01	 1.22698E+01	 1.22454E+01	 1.84747E+01	 2.41805E+01	 2.02650E+01	 1.46867E+01	 9.58002E+00	 7.64196E+00	 9.03391E+00	 1.40678E+01	 1.22500E+01	 6.09585E+00	 5.59846E+00	 6.50000E+00	 5.51901E+00	 7.23189E+00	 7.32774E+00	 1.13973E+01	 1.89747E+01	 2.21814E+01	 2.18482E+01	 2.17541E+01	 1.85968E+01	 1.56720E+01	 1.47125E+01	 1.97319E+01	 2.59832E+01	 2.11555E+01	 1.02161E+01	 6.02667E+00	 5.62022E+00	 6.30016E+00	 5.13737E+00	 4.53391E+00	 6.16057E+00	 7.38110E+00	 1.08472E+01	 1.27319E+01	 6.89108E+00	 1.02984E+01	 2.24207E+01	 2.99938E+01	 2.82915E+01	 1.88624E+01	 7.60935E+00	 6.56488E+00	 8.66767E+00	 1.15610E+01	 1.82164E+01	 2.53265E+01	 2.28140E+01	 1.61341E+01	 1.25366E+01
 2.45805E+01	 2.09506E+01	 2.08408E+01	 2.01831E+01	 1.46778E+01	 8.67986E+00	 6.84270E+00	 6.23010E+00	 7.80016E+00	 7.48189E+00	 1.08454E+01	 1.36555E+01	 1.16097E+01	 7.32315E+00	 6.67078E+00	 7.66902E+00	 7.41955E+00	 1.07279E+01	 9.35443E+00	 8.59493E+00	 1.10280E+01	 6.80915E+00	 1.25592E+01	 1.23911E+01	 8.10130E+00	 1.67057E+01	 2.48292E+01	 2.24408E+01	 2.50384E+01	 3.31443E+01	 2.95087E+01	 1.47319E+01	 1.32943E+01	 1.44100E+01	 1.22319E+01	 8.65415E+00	 6.28887E+00	 6.88737E+00	 6.33002E+00	 3.73186E+00	 5.09173E+00	 9.42986E+00	 1.10484E+01	 8.74503E+00	 6.27170E+00	 7.45573E+00	 8.14551E+00	 1.06324E+01	 2.00911E+01	 2.03451E+01	 1.21117E+01	 7.10432E+00	 6.63834E+00	 9.16955E+00	 1.15954E+01	 1.14535E+01	 1.34634E+01	 1.60552E+01	 1.47843E+01	 1.00552E+01	 1.13391E+01
 1.95884E+01	 1.99748E+01	 1.96117E+01	 1.88488E+01	 1.23955E+01	 7.44692E+00	 7.81151E+00	 5.97061E+00	 5.31016E+00	 5.34159E+00	 4.96181E+00	 7.43851E+00	 8.45162E+00	 7.38702E+00	 8.29083E+00	 5.99369E+00	 6.46019E+00	 7.62703E+00	 6.74902E+00	 8.33366E+00	 8.84542E+00	 6.73186E+00	 1.36370E+01	 1.77774E+01	 1.21867E+01	 7.25135E+00	 1.04091E+01	 2.14329E+01	 3.22518E+01	 3.18318E+01	 2.62216E+01	 1.84634E+01	 1.24168E+01	 8.69168E+00	 4.90642E+00	 6.33893E+00	 3.51259E+00	 4.60113E+00	 5.48091E+00	 4.46373E+00	 5.84333E+00	 1.46017E+01	 1.60167E+01	 1.32316E+01	 7.54877E+00	 8.40548E+00	 1.17137E+01	 1.45248E+01	 2.37995E+01	 1.84220E+01	 1.12862E+01	 5.91767E+00	 6.91767E+00	 7.58165E+00	 1.07187E+01	 1.16156E+01	 1.48320E+01	 1.46107E+01	 1.45596E+01	 1.18115E+01	 1.28337E+01
 1.69443E+01	 1.77247E+01	 1.80594E+01	 1.90213E+01	 1.26401E+01	 6.50135E+00	 9.48621E+00	 1.77995E+01	 1.68719E+01	 5.24595E+00	 6.33229E+00	 7.12568E+00	 1.12988E+01	 1.40280E+01	 1.57640E+01	 8.31963E+00	 4.99081E+00	 5.64514E+00	 1.12943E+01	 1.52408E+01	 1.18670E+01	 7.19826E+00	 1.25930E+01	 2.12554E+01	 1.51895E+01	 8.17512E+00	 1.21360E+01	 2.38201E+01	 3.25349E+01	 3.37650E+01	 3.34002E+01	 3.03193E+01	 2.15655E+01	 1.36270E+01	 8.98851E+00	 7.49189E+00	 4.24595E+00	 4.66364E+00	 4.12385E+00	 5.75000E+00	 8.17587E+00	 1.60410E+01	 2.03320E+01	 1.26869E+01	 7.65716E+00	 1.31334E+01	 1.63110E+01	 2.22319E+01	 3.32332E+01	 2.76585E+01	 1.52747E+01	 8.00000E+00	 6.71903E+00	 7.50000E+00	 9.96926E+00	 1.24022E+01	 1.57708E+01	 1.65222E+01	 1.61555E+01	 1.60402E+01	 1.34878E+01
 1.91621E+01	 1.55396E+01	 1.12214E+01	 1.49403E+01	 1.47880E+01	 1.12125E+01	 1.60026E+01	 2.96718E+01	 2.18305E+01	 7.13564E+00	 5.69961E+00	 1.06704E+01	 1.54204E+01	 1.79786E+01	 1.77652E+01	 1.48094E+01	 9.05915E+00	 6.65517E+00	 8.54027E+00	 1.41972E+01	 1.31293E+01	 1.12797E+01	 1.26819E+01	 1.43597E+01	 1.18353E+01	 1.37043E+01	 2.44655E+01	 2.87066E+01	 2.81569E+01	 3.28193E+01	 4.07438E+01	 3.98749E+01	 2.70274E+01	 1.90445E+01	 8.02519E+00	 1.63696E+02	 2.78338E+02	 4.25000E+00	 4.75000E+00	 3.00000E+00	 6.32804E+00	 9.73646E+00	 1.32505E+01	 1.02043E+01	 9.97124E+00	 1.24309E+01	 1.33300E+01	 2.23830E+01	 3.76611E+01	 3.44151E+01	 2.06393E+01	 1.06183E+01	 7.41767E+00	 1.01374E+01	 1.16473E+01	 1.28320E+01	 1.50617E+01	 1.75316E+01	 1.67659E+01	 1.55380E+01	 1.00898E+01
 1.58647E+01	 1.02451E+01	 7.64514E+00	 1.28346E+01	 1.36545E+01	 1.46450E+01	 2.07618E+01	 3.14001E+01	 1.79100E+01	 6.00000E+00	 5.93346E+00	 5.94605E+00	 9.93318E+00	 1.28666E+01	 1.81014E+01	 2.46249E+01	 7.41683E+00	 7.14013E+00	 8.14551E+00	 8.87737E+00	 1.00732E+01	 1.62988E+01	 1.50321E+01	 9.87615E+00	 9.47061E+00	 1.98784E+01	 2.99052E+01	 3.24635E+01	 2.65318E+01	 2.72650E+01	 2.63762E+01	 2.20415E+01	 1.32708E+01	 7.95425E+00	 3.51943E+00	 2.02342E+00	 3.66608E+00	 3.34676E+00	 4.87418E+00	 3.47848E+00	 5.01901E+00	 8.20978E+00	 1.20366E+01	 1.12747E+01	 7.52969E+00	 7.78802E+00	 1.02378E+01	 2.36374E+01	 3.67540E+01	 3.13202E+01	 2.06712E+01	 1.32848E+01	 6.50000E+00	 5.88702E+00	 8.67587E+00	 7.46181E+00	 9.89245E+00	 1.35615E+01	 1.13513E+01	 9.24688E+00	 1.50701E+01
 8.37703E+00	 5.64514E+00	 7.08756E+00	 9.14108E+00	 1.30167E+01	 1.58304E+01	 3.02734E+01	 2.15686E+01	 1.31293E+01	 5.05561E+00	 5.22136E+00	 5.14108E+00	 6.57026E+00	 6.24093E+00	 1.06234E+01	 9.91683E+00	 7.10432E+00	 6.53778E+00	 6.24189E+00	 6.59159E+00	 8.36068E+00	 1.10583E+01	 9.80830E+00	 7.83229E+00	 9.79941E+00	 1.55596E+01	 2.50760E+01	 2.48703E+01	 2.04811E+01	 1.86274E+01	 2.09249E+01	 1.21671E+01	 6.42785E+00	 4.61692E+00	 4.50000E+00	 5.11569E+00	 3.39196E+00	 5.91003E+00	 5.02667E+00	 4.96926E+00	 8.33804E+00	 1.02500E+01	 1.70013E+01	 1.59728E+01	 9.50000E+00	 1.03666E+01	 1.83532E+01	 1.81673E+01	 2.00322E+01	 2.36805E+01	 2.14832E+01	 1.70013E+01	 9.19757E+00	 4.79810E+00	 4.75000E+00	 6.09980E+00	 6.86926E+00	 9.41767E+00	 1.36234E+01	 1.63734E+01	 2.21773E+01
 7.62344E+00	 7.78887E+00	 9.28209E+00	 8.59157E+00	 1.16867E+01	 9.54877E+00	 1.71360E+01	 1.08320E+01	 6.19351E+00	 8.65380E+00	 6.38337E+00	 8.59980E+00	 6.89196E+00	 9.09980E+00	 8.36253E+00	 5.91902E+00	 6.60032E+00	 6.74369E+00	 5.31328E+00	 7.23186E+00	 8.06822E+00	 7.84159E+00	 8.30243E+00	 6.30340E+00	 1.35213E+01	 1.94472E+01	 1.99336E+01	 2.29938E+01	 2.32469E+01	 1.63924E+01	 1.34005E+01	 6.65415E+00	 4.67288E+00	 5.79115E+00	 5.22786E+00	 5.05016E+00	 6.88110E+00	 9.92986E+00	 6.52805E+00	 5.58204E+00	 6.30016E+00	 1.09421E+01	 2.17154E+01	 1.94319E+01	 1.09055E+01	 1.41696E+01	 2.17921E+01	 1.27125E+01	 1.71017E+01	 2.01608E+01	 1.93870E+01	 1.28911E+01	 7.76219E+00	 5.14919E+00	 7.55561E+00	 5.89791E+00	 6.14557E+00	 5.35671E+00	 1.16112E+01	 1.47880E+01	 1.63484E+01
 1.06017E+01	 9.70425E+00	 8.65458E+00	 1.05977E+01	 1.06393E+01	 6.35209E+00	 4.89232E+00	 4.15458E+00	 4.23057E+00	 8.53391E+00	 1.08330E+01	 6.98186E+00	 6.19789E+00	 5.51979E+00	 7.73189E+00	 1.11749E+01	 8.16602E+00	 5.39329E+00	 5.08499E+00	 8.76035E+00	 8.88340E+00	 7.47786E+00	 6.15836E+00	 9.83366E+00	 9.69351E+00	 1.21411E+01	 9.44272E+00	 1.62659E+01	 1.94748E+01	 1.80837E+01	 1.00605E+01	 1.09005E+01	 8.49540E+00	 6.75529E+00	 9.82250E+00	 1.09543E+01	 1.32365E+01	 1.14367E+01	 2.15118E+01	 1.75805E+01	 1.44969E+01	 1.80362E+01	 2.89472E+01	 2.62659E+01	 1.72490E+01	 1.54589E+01	 1.90534E+01	 1.09862E+01	 1.03902E+01	 1.95118E+01	 1.70248E+01	 1.06522E+01	 7.34676E+00	 5.57006E+00	 6.94029E+00	 5.00000E+00	 4.87155E+00	 6.00000E+00	 5.44263E+00	 7.19715E+00	 8.64383E+00
 9.53431E+00	 8.27996E+00	 1.01424E+01	 8.93946E+00	 7.00135E+00	 4.92757E+00	 7.47141E+00	 5.48091E+00	 5.16767E+00	 7.11696E+00	 7.33301E+00	 5.97954E+00	 6.63340E+00	 6.15881E+00	 2.09028E+01	 2.64105E+01	 1.19299E+01	 3.60669E+00	 1.09959E+01	 1.05244E+01	 9.69463E+00	 6.63110E+00	 8.93851E+00	 7.12237E+00	 6.59980E+00	 8.04019E+00	 1.14505E+01	 1.35000E+01	 1.18346E+01	 1.34146E+01	 1.00968E+01	 1.94589E+01	 8.82250E+00	 9.33865E+00	 1.40088E+01	 1.77490E+01	 1.89121E+01	 2.71055E+01	 2.55841E+01	 1.71203E+01	 1.17338E+01	 1.62906E+01	 1.99506E+01	 1.90954E+01	 1.14051E+01	 6.20573E+00	 8.34717E+00	 7.91683E+00	 1.31078E+01	 1.33387E+01	 1.36836E+01	 1.16761E+01	 9.19351E+00	 6.98621E+00	 5.05615E+00	 6.12344E+00	 5.95978E+00	 5.85081E+00	 4.89922E+00	 4.48186E+00	 6.30915E+00
 8.47863E+00	 6.86696E+00	 9.25914E+00	 7.46245E+00	 6.51035E+00	 6.72240E+00	 4.39551E+00	 8.81822E+00	 7.08783E+00	 6.18296E+00	 4.25000E+00	 7.72595E+00	 7.98322E+00	 6.71836E+00	 1.61912E+01	 2.42540E+01	 1.01370E+01	 6.08002E+00	 9.39727E+00	 8.14196E+00	 5.68779E+00	 5.07686E+00	 7.41725E+00	 6.93921E+00	 6.19692E+00	 1.32943E+01	 1.69862E+01	 8.81051E+00	 1.04931E+01	 7.06671E+00	 6.00000E+00	 6.21019E+00	 5.03887E+00	 6.37975E+00	 9.91146E+00	 1.28129E+01	 2.25972E+01	 1.34055E+01	 9.27075E+00	 1.21736E+01	 1.10800E+01	 1.44811E+01	 1.10954E+01	 1.05240E+01	 8.56963E+00	 6.47786E+00	 7.74473E+00	 1.29146E+01	 1.31569E+01	 1.51439E+01	 1.20615E+01	 9.13564E+00	 5.31671E+00	 6.75230E+00	 6.86122E+00	 5.37975E+00	 5.30627E+00	 5.76901E+00	 6.67255E+00	 6.23234E+00	 8.19961E+00
 8.80520E+00	 8.87253E+00	 8.90642E+00	 4.78026E+00	 6.18427E+00	 5.13834E+00	 7.46373E+00	 5.06669E+00	 4.13340E+00	 4.43284E+00	 6.34980E+00	 5.25495E+00	 5.92785E+00	 4.47131E+00	 1.25443E+01	 2.01569E+01	 1.14417E+01	 5.96019E+00	 4.63431E+00	 4.25000E+00	 6.35081E+00	 6.13340E+00	 6.87930E+00	 8.06151E+00	 8.69605E+00	 1.92939E+01	 2.14543E+01	 1.34317E+01	 6.76979E+00	 6.50000E+00	 4.24081E+00	 4.30016E+00	 4.17335E+00	 6.19168E+00	 7.65415E+00	 4.76678E+00	 5.89919E+00	 4.49595E+00	 6.92587E+00	 8.85669E+00	 1.03493E+01	 1.11538E+01	 1.02599E+01	 7.05561E+00	 4.96232E+00	 9.63703E+00	 1.03793E+01	 1.63052E+01	 1.54664E+01	 1.43870E+01	 1.39885E+01	 1.22164E+01	 9.74189E+00	 9.18025E+00	 7.79027E+00	 9.10173E+00	 7.33980E+00	 5.61660E+00	 6.42646E+00	 8.66458E+00	 7.76979E+00
 1.32530E+01	 7.16408E+00	 9.88058E+00	 8.78658E+00	 4.84980E+00	 6.68218E+00	 6.10804E+00	 3.40425E+00	 4.03658E+00	 3.25000E+00	 4.96641E+00	 6.54674E+00	 4.82922E+00	 4.16244E+00	 6.88472E+00	 9.26979E+00	 5.22786E+00	 6.05243E+00	 6.84493E+00	 5.09980E+00	 4.00000E+00	 3.45885E+00	 3.59012E+00	 9.81963E+00	 8.10572E+00	 2.13391E+01	 2.65846E+01	 1.60963E+01	 5.58229E+00	 4.50000E+00	 6.04838E+00	 6.09980E+00	 7.64514E+00	 9.77519E+00	 9.71245E+00	 9.40222E+00	 6.48010E+00	 4.90716E+00	 8.31621E+00	 1.31696E+01	 9.64108E+00	 6.63242E+00	 7.50176E+00	 6.00000E+00	 7.21926E+00	 1.01578E+01	 1.37206E+01	 1.10642E+01	 1.35772E+01	 1.47205E+01	 1.71270E+01	 2.95837E+01	 1.88201E+01	 1.39724E+01	 1.31170E+01	 1.25954E+01	 8.34173E+00	 6.75000E+00	 6.23536E+00	 5.98391E+00	 8.11926E+00
 1.07224E+01	 1.14950E+01	 1.29586E+01	 9.63604E+00	 6.09980E+00	 4.76901E+00	 7.06782E+00	 4.67987E+00	 9.37747E+00	 9.13337E+00	 7.27805E+00	 4.95841E+00	 5.71113E+00	 5.58756E+00	 4.79877E+00	 3.35432E+00	 4.46926E+00	 7.69351E+00	 1.04100E+01	 3.27760E+00	 3.01680E+00	 4.43965E+00	 6.12070E+00	 8.40836E+00	 7.85173E+00	 1.26944E+01	 1.73292E+01	 1.11356E+01	 5.76484E+00	 4.75176E+00	 5.42447E+00	 7.21019E+00	 9.15329E+00	 1.28061E+01	 1.13555E+01	 9.61660E+00	 6.58229E+00	 1.22419E+01	 2.31908E+01	 2.25643E+01	 1.49786E+01	 6.71019E+00	 7.37747E+00	 5.88340E+00	 6.33204E+00	 1.17459E+01	 1.60217E+01	 1.74937E+01	 1.28856E+01	 1.29045E+01	 1.66360E+01	 2.49724E+01	 2.81593E+01	 1.55396E+01	 2.04173E+01	 1.92247E+01	 1.11374E+01	 7.59348E+00	 4.45573E+00	 6.93890E+00	 7.17288E+00
 9.66004E+00	 8.15547E+00	 7.77969E+00	 5.60344E+00	 6.97244E+00	 7.87237E+00	 4.73320E+00	 6.27342E+00	 2.27774E+01	 1.17896E+01	 7.03887E+00	 5.46609E+00	 5.97136E+00	 5.47054E+00	 4.45978E+00	 4.85443E+00	 4.72786E+00	 4.91979E+00	 8.44351E+00	 4.18921E+00	 7.54674E+00	 5.73320E+00	 4.20690E+00	 4.36758E+00	 4.45978E+00	 4.91955E+00	 6.20346E+00	 6.47244E+00	 7.62524E+00	 7.48186E+00	 7.33229E+00	 1.01836E+01	 1.16673E+01	 9.78887E+00	 9.19302E+00	 3.65458E+00	 7.84159E+00	 2.07017E+01	 3.38498E+01	 2.63484E+01	 1.22866E+01	 7.33229E+00	 1.06615E+01	 9.97061E+00	 1.13305E+01	 1.11743E+01	 1.45725E+01	 1.30701E+01	 1.16465E+01	 1.37026E+01	 1.80013E+01	 1.65402E+01	 2.38048E+01	 1.74584E+01	 2.42554E+01	 2.80167E+01	 8.69029E+00	 6.51259E+00	 3.47595E+00	 6.19605E+00	 6.73186E+00
 1.04950E+01	 1.02767E+01	 1.05672E+01	 5.71870E+00	 8.74045E+00	 1.34557E+01	 9.15470E+00	 5.99503E+00	 8.37023E+00	 3.63340E+00	 3.98781E+00	 4.25000E+00	 1.03923E+01	 1.23337E+01	 1.04336E+01	 6.71245E+00	 6.10935E+00	 5.18672E+00	 1.06836E+01	 9.57774E+00	 9.39922E+00	 1.04496E+01	 4.37951E+00	 5.60432E+00	 4.98186E+00	 5.03887E+00	 4.66193E+00	 7.13058E+00	 6.84717E+00	 6.61298E+00	 1.09430E+01	 2.57270E+01	 2.41314E+01	 1.80552E+01	 6.93986E+00	 4.83366E+00	 1.22035E+01	 2.67652E+01	 2.88377E+01	 2.82989E+01	 1.79874E+01	 9.74503E+00	 8.60032E+00	 9.12385E+00	 1.17658E+01	 1.07023E+01	 9.33366E+00	 1.63463E+01	 1.77248E+01	 1.92408E+01	 1.76805E+01	 1.44029E+01	 1.54770E+01	 1.55285E+01	 2.09684E+01	 1.65406E+01	 1.10467E+01	 4.76402E+00	 6.25000E+00	 8.00000E+00	 6.43739E+00
 2.62914E+01	 2.10510E+01	 1.14421E+01	 8.04838E+00	 5.35935E+00	 5.28130E+00	 9.50495E+00	 6.12253E+00	 3.81284E+00	 4.85443E+00	 3.88702E+00	 4.41107E+00	 5.94605E+00	 7.83002E+00	 6.50135E+00	 5.95978E+00	 6.80830E+00	 9.01979E+00	 1.33517E+01	 7.03778E+00	 5.01035E+00	 6.11122E+00	 6.06761E+00	 6.48781E+00	 6.17987E+00	 7.13242E+00	 6.95227E+00	 8.66767E+00	 9.13337E+00	 1.04403E+01	 1.15882E+01	 2.15384E+01	 2.27861E+01	 1.74638E+01	 8.67358E+00	 5.67271E+00	 6.11068E+00	 1.47409E+01	 2.00853E+01	 1.61270E+01	 8.64232E+00	 8.29877E+00	 8.25000E+00	 1.00954E+01	 1.19874E+01	 1.11293E+01	 1.83391E+01	 3.20868E+01	 2.99938E+01	 2.29684E+01	 2.29866E+01	 1.96219E+01	 1.46097E+01	 1.49299E+01	 1.48893E+01	 1.54336E+01	 1.19862E+01	 9.46836E+00	 7.96836E+00	 5.17078E+00	 4.61842E+00
 3.80969E+01	 2.51185E+01	 1.30495E+01	 8.64245E+00	 6.30830E+00	 5.50176E+00	 7.59159E+00	 5.49045E+00	 5.00000E+00	 3.00177E+00	 3.61298E+00	 4.66501E+00	 4.17358E+00	 4.37747E+00	 4.52667E+00	 4.21836E+00	 9.44351E+00	 1.39100E+01	 1.37717E+01	 9.41602E+00	 6.77859E+00	 4.94757E+00	 7.17288E+00	 4.06782E+00	 4.61126E+00	 4.02342E+00	 5.55561E+00	 1.04684E+01	 8.12048E+01	 4.12926E+01	 1.47184E+01	 2.05561E+01	 2.00304E+01	 1.18806E+01	 6.16003E+00	 5.21870E+00	 7.00990E+00	 7.48186E+00	 5.73186E+00	 7.76901E+00	 8.06782E+00	 6.17587E+00	 6.29115E+00	 1.10380E+01	 1.27809E+01	 1.55887E+01	 2.52309E+01	 4.22058E+01	 3.40026E+01	 2.10805E+01	 1.79443E+01	 1.41057E+01	 1.49160E+01	 1.80817E+01	 1.65791E+01	 1.62513E+01	 1.77690E+01	 1.34724E+01	 7.99688E+00	 6.51402E+00	 5.40154E+00
 2.74218E+01	 2.21167E+01	 1.64132E+01	 6.64013E+00	 5.90642E+00	 3.89013E+00	 2.92447E+00	 2.75000E+00	 4.31782E+00	 4.53391E+00	 5.75000E+00	 6.14551E+00	 4.99688E+00	 3.71181E+00	 4.76484E+00	 4.77969E+00	 7.45573E+00	 1.26646E+01	 1.98719E+01	 2.29329E+01	 1.69638E+01	 8.65777E+00	 6.18672E+00	 4.28887E+00	 2.61253E+00	 3.83002E+00	 6.00353E+00	 6.63702E+00	 1.20244E+01	 1.53353E+01	 8.82505E+00	 1.80570E+01	 2.07667E+01	 8.71836E+00	 3.16683E+00	 4.17358E+00	 7.02859E+00	 8.00000E+00	 6.39196E+00	 5.77667E+00	 3.90280E+00	 5.39232E+00	 7.50132E+00	 8.31217E+00	 7.67431E+00	 1.04196E+01	 1.93719E+01	 3.50978E+01	 3.55299E+01	 2.55023E+01	 1.47776E+01	 1.25339E+01	 1.96819E+01	 2.23734E+01	 2.18734E+01	 2.28151E+01	 2.07216E+01	 1.71097E+01	 1.46736E+01	 8.57250E+00	 6.00176E+00
 1.88666E+01	 1.59309E+01	 1.01252E+01	 4.22061E+00	 3.83923E+00	 6.58569E+00	 3.72848E+00	 4.75000E+00	 8.17587E+00	 1.54091E+01	 2.64006E+01	 2.77863E+01	 1.49317E+01	 7.08229E+00	 5.71641E+00	 7.18281E+00	 9.06621E+00	 1.12708E+01	 9.93359E+00	 1.02184E+01	 9.93359E+00	 8.78345E+00	 6.69168E+00	 6.15548E+00	 4.29838E+00	 2.48516E+00	 3.89919E+00	 4.96232E+00	 6.34676E+00	 7.68739E+00	 5.36122E+00	 5.10804E+00	 5.13878E+00	 5.16501E+00	 5.69302E+00	 5.62568E+00	 7.36122E+00	 7.89013E+00	 6.29433E+00	 6.20227E+00	 4.44302E+00	 6.57774E+00	 6.51943E+00	 6.02760E+00	 9.72061E+00	 9.27760E+00	 1.26632E+01	 2.16845E+01	 2.25026E+01	 1.91097E+01	 1.32408E+01	 1.45346E+01	 1.85159E+01	 2.36257E+01	 2.86951E+01	 2.83265E+01	 2.20917E+01	 1.34456E+01	 9.40547E+00	 7.94302E+00	 1.17908E+01
 1.13666E+01	 1.07023E+01	 7.23646E+00	 6.74595E+00	 5.00000E+00	 4.50000E+00	 4.19439E+00	 7.12568E+00	 1.15014E+01	 1.11832E+01	 1.51505E+01	 2.30651E+01	 2.16926E+01	 9.02969E+00	 3.96019E+00	 3.41767E+00	 4.01035E+00	 1.00198E+01	 1.22164E+01	 1.35891E+01	 1.32205E+01	 9.17038E+00	 5.47786E+00	 5.38110E+00	 5.75000E+00	 5.68672E+00	 4.59493E+00	 4.71926E+00	 5.00990E+00	 7.88564E+00	 7.94961E+00	 6.61926E+00	 5.81782E+00	 6.58627E+00	 8.16902E+00	 6.35432E+00	 6.97061E+00	 1.04947E+01	 8.63472E+00	 5.63472E+00	 5.04027E+00	 6.48784E+00	 6.06151E+00	 6.06963E+00	 8.12298E+00	 1.06854E+01	 1.47781E+01	 1.85951E+01	 1.67645E+01	 1.38513E+01	 9.18085E+00	 9.47244E+00	 2.04838E+01	 2.85318E+01	 3.51141E+01	 2.52201E+01	 1.52717E+01	 8.71462E+00	 8.64514E+00	 1.00403E+01	 6.94351E+00
 7.26402E+00	 7.75000E+00	 7.60671E+00	 4.97413E+00	 3.51678E+00	 3.30016E+00	 6.28130E+00	 7.25000E+00	 7.77969E+00	 1.10247E+01	 9.88737E+00	 1.23874E+01	 1.13427E+01	 6.37524E+00	 6.30561E+00	 4.87568E+00	 4.60173E+00	 6.09980E+00	 9.04027E+00	 1.58734E+01	 2.19770E+01	 1.72205E+01	 6.27519E+00	 5.11122E+00	 4.90458E+00	 3.80016E+00	 6.24503E+00	 6.85669E+00	 7.72244E+00	 9.73646E+00	 8.04941E+00	 5.09980E+00	 7.20978E+00	 1.38337E+01	 1.25561E+01	 7.60570E+00	 8.13472E+00	 9.94302E+00	 8.74369E+00	 5.63242E+00	 6.40548E+00	 5.57115E+00	 5.02438E+00	 9.72280E+00	 1.01761E+01	 1.15751E+01	 1.39270E+01	 1.88094E+01	 1.46017E+01	 1.15421E+01	 1.00421E+01	 9.82505E+00	 1.41341E+01	 2.48018E+01	 2.75349E+01	 2.04747E+01	 9.88703E+00	 7.34717E+00	 8.36068E+00	 9.36068E+00	 8.74688E+00
 9.52089E+00	 1.36097E+01	 1.04543E+01	 6.06716E+00	 4.92885E+00	 3.88564E+00	 5.77859E+00	 5.90280E+00	 4.92646E+00	 4.14013E+00	 4.91971E+00	 5.55016E+00	 8.05335E+00	 7.69757E+00	 6.90609E+00	 4.04674E+00	 3.01402E+00	 5.41378E+00	 6.87344E+00	 1.11270E+01	 1.30348E+01	 1.07220E+01	 5.10130E+00	 5.13472E+00	 4.28887E+00	 3.63737E+00	 6.23186E+00	 6.47136E+00	 8.51979E+00	 1.15800E+01	 9.85669E+00	 7.28209E+00	 9.47061E+00	 1.54043E+01	 1.41671E+01	 7.44302E+00	 4.96181E+00	 6.79433E+00	 7.44757E+00	 6.53887E+00	 7.09432E+00	 3.77519E+00	 2.98536E+00	 6.40548E+00	 1.02984E+01	 1.08251E+01	 1.03115E+01	 1.30615E+01	 1.16696E+01	 1.28874E+01	 1.21572E+01	 9.14108E+00	 8.93672E+00	 1.05380E+01	 1.41274E+01	 1.10927E+01	 9.45425E+00	 1.06124E+01	 1.00190E+01	 9.81782E+00	 1.00502E+01
 1.66968E+01	 1.49220E+01	 1.12251E+01	 5.38472E+00	 5.12237E+00	 5.12434E+00	 7.42201E+00	 9.19272E+00	 7.29083E+00	 5.91458E+00	 8.81782E+00	 1.08707E+01	 1.45027E+01	 7.87930E+00	 4.62845E+00	 5.39557E+00	 4.82413E+00	 8.75000E+00	 7.41549E+00	 6.47413E+00	 6.25861E+00	 5.86068E+00	 7.25000E+00	 4.52438E+00	 4.25000E+00	 4.95608E+00	 5.95841E+00	 5.94029E+00	 8.01678E+00	 1.25403E+01	 1.03864E+01	 9.90716E+00	 9.65716E+00	 1.56736E+01	 1.65570E+01	 8.19961E+00	 5.15925E+00	 4.99010E+00	 5.05915E+00	 7.86830E+00	 1.07206E+01	 7.95573E+00	 6.80830E+00	 8.24093E+00	 1.22431E+01	 1.31538E+01	 1.53624E+01	 1.54238E+01	 1.27374E+01	 1.25615E+01	 1.23115E+01	 9.43672E+00	 8.12344E+00	 1.05380E+01	 1.09261E+01	 8.78464E+00	 9.43359E+00	 1.29456E+01	 1.46749E+01	 9.94961E+00	 9.15380E+00
 1.21183E+01	 1.60853E+01	 9.88604E+00	 5.90415E+00	 6.93739E+00	 1.04706E+01	 1.16921E+01	 1.04959E+01	 9.95885E+00	 6.14013E+00	 7.59628E+00	 1.61284E+01	 1.58070E+01	 1.38052E+01	 9.72054E+00	 6.04021E+00	 5.11298E+00	 6.82413E+00	 6.40280E+00	 5.55335E+00	 4.61696E+00	 4.61692E+00	 5.63431E+00	 4.64727E+00	 6.99540E+00	 7.97786E+00	 6.10173E+00	 5.63316E+00	 9.12703E+00	 1.29664E+01	 1.36903E+01	 1.34885E+01	 1.05602E+01	 8.17587E+00	 1.02431E+01	 1.03416E+01	 5.53803E+00	 6.68281E+00	 6.73738E+00	 1.54105E+01	 2.25363E+01	 1.53965E+01	 9.10777E+00	 2.17229E+01	 3.40426E+01	 2.51673E+01	 2.03305E+01	 2.07293E+01	 1.68096E+01	 9.83366E+00	 7.11253E+00	 6.02859E+00	 6.73851E+00	 1.03225E+01	 1.03330E+01	 1.00998E+01	 5.40642E+00	 1.22224E+01	 2.25561E+01	 1.90552E+01	 1.41600E+01
 7.46373E+00	 9.27129E+00	 5.25270E+00	 7.36660E+00	 1.26356E+01	 2.92270E+01	 2.23305E+01	 2.17178E+01	 1.58703E+01	 1.51101E+01	 1.04885E+01	 6.87975E+00	 1.11067E+01	 1.45198E+01	 7.62344E+00	 4.64438E+00	 4.49505E+00	 3.70978E+00	 5.07026E+00	 3.41501E+00	 7.30308E+00	 5.12930E+00	 6.58627E+00	 7.83980E+00	 1.18517E+01	 2.31819E+01	 2.43963E+01	 1.19598E+01	 1.15751E+01	 1.07604E+01	 1.40853E+01	 1.57138E+01	 1.46854E+01	 1.44664E+01	 1.11551E+01	 9.16706E+00	 8.27996E+00	 7.51035E+00	 8.98189E+00	 1.53076E+01	 2.81908E+01	 2.76104E+01	 1.14841E+01	 1.31117E+01	 2.44632E+01	 2.12247E+01	 2.12017E+01	 2.43262E+01	 1.36899E+01	 6.24081E+00	 5.99540E+00	 5.65609E+00	 6.85032E+00	 8.36122E+00	 7.99540E+00	 6.89551E+00	 6.18672E+00	 7.83943E+00	 1.23001E+01	 1.86009E+01	 2.08950E+01
 5.58204E+00	 7.09159E+00	 5.64040E+00	 9.50000E+00	 1.61334E+01	 2.41185E+01	 2.33951E+01	 2.10026E+01	 2.00152E+01	 1.94535E+01	 1.39435E+01	 7.63927E+00	 5.72280E+00	 7.05627E+00	 4.27400E+00	 4.65642E+00	 5.00000E+00	 7.08499E+00	 5.12070E+00	 6.49086E+00	 9.41004E+00	 9.76678E+00	 9.03345E+00	 7.93359E+00	 1.80908E+01	 4.83754E+01	 5.54752E+01	 2.80985E+01	 1.79292E+01	 2.06805E+01	 2.20891E+01	 2.72926E+01	 2.82596E+01	 2.21443E+01	 1.48391E+01	 1.19714E+01	 1.18702E+01	 8.37435E+00	 1.03924E+01	 1.16364E+01	 1.89331E+01	 1.60396E+01	 7.96373E+00	 8.81782E+00	 1.03277E+01	 1.41170E+01	 1.73143E+01	 2.06954E+01	 9.03622E+00	 4.59270E+00	 4.70227E+00	 6.18739E+00	 6.61660E+00	 7.26901E+00	 5.42987E+00	 5.29877E+00	 7.19605E+00	 7.33229E+00	 5.99093E+00	 9.48621E+00	 1.23517E+01
 5.87524E+00	 7.82804E+00	 9.00000E+00	 9.79838E+00	 1.44204E+01	 2.30316E+01	 2.30159E+01	 2.25640E+01	 1.61707E+01	 1.23601E+01	 7.48646E+00	 8.67785E+00	 1.08607E+01	 5.75252E+00	 3.51308E+00	 6.72786E+00	 4.15280E+00	 5.49540E+00	 4.19757E+00	 7.50000E+00	 9.19961E+00	 1.53834E+01	 9.30830E+00	 1.11284E+01	 3.23418E+01	 5.48913E+01	 5.59923E+01	 3.86957E+01	 3.20118E+01	 2.55518E+01	 2.72460E+01	 3.14141E+01	 2.80118E+01	 2.66585E+01	 1.29724E+01	 1.07690E+01	 1.13196E+01	 1.00804E+01	 8.87344E+00	 9.51680E+00	 7.41699E+00	 5.94961E+00	 3.39428E+00	 6.29537E+00	 6.84542E+00	 7.91458E+00	 1.41646E+01	 1.27988E+01	 8.16324E+00	 6.56822E+00	 7.52474E+00	 7.28209E+00	 8.49045E+00	 5.52438E+00	 5.00135E+00	 6.39329E+00	 7.01678E+00	 6.69206E+00	 7.65548E+00	 6.77859E+00	 8.65280E+00
 8.44487E+00	 1.32286E+01	 8.03959E+00	 1.21411E+01	 1.71374E+01	 3.31374E+01	 3.27257E+01	 1.59747E+01	 1.11533E+01	 1.51555E+01	 1.48752E+01	 1.52408E+01	 1.59121E+01	 1.15975E+01	 9.05561E+00	 1.26166E+01	 1.01298E+01	 5.44029E+00	 6.73413E+00	 7.04877E+00	 6.94168E+00	 6.96373E+00	 1.29427E+01	 3.30918E+01	 6.00422E+01	 6.29708E+01	 4.36888E+01	 3.99435E+01	 3.51908E+01	 2.20026E+01	 2.12084E+01	 2.12145E+01	 2.23814E+01	 2.07667E+01	 1.20725E+01	 1.04714E+01	 9.01901E+00	 9.13058E+00	 1.04427E+01	 8.26219E+00	 1.14427E+01	 9.98784E+00	 4.64514E+00	 4.77196E+00	 5.54838E+00	 7.36166E+00	 7.33301E+00	 8.42358E+00	 7.27760E+00	 1.03034E+01	 1.50396E+01	 1.20334E+01	 6.63737E+00	 3.72805E+00	 8.63242E+00	 5.93672E+00	 7.51979E+00	 9.09575E+00	 5.89013E+00	 1.20190E+01	 1.36660E+01
 1.08251E+01	 1.33001E+01	 1.05777E+01	 2.14687E+01	 1.53451E+01	 2.05908E+01	 1.35975E+01	 9.31151E+00	 8.12237E+00	 1.52408E+01	 2.02708E+01	 2.41836E+01	 1.52366E+01	 1.24435E+01	 1.03376E+01	 1.00830E+01	 1.26013E+01	 7.22280E+00	 8.71926E+00	 6.94463E+00	 8.37524E+00	 7.99595E+00	 2.59345E+01	 4.98911E+01	 5.18831E+01	 4.11995E+01	 2.92043E+01	 2.19051E+01	 1.75410E+01	 2.07248E+01	 2.21732E+01	 2.44797E+01	 2.57145E+01	 2.16583E+01	 1.74091E+01	 8.48784E+00	 1.00000E+01	 6.98189E+00	 9.83804E+00	 8.15827E+00	 1.41003E+01	 1.25472E+01	 6.51219E+00	 5.97642E+00	 8.03887E+00	 9.87253E+00	 8.50000E+00	 6.71019E+00	 6.33627E+00	 1.01324E+01	 1.32187E+01	 1.53770E+01	 8.34173E+00	 7.78359E+00	 8.31035E+00	 1.57708E+01	 1.70792E+01	 1.36451E+01	 1.18172E+01	 1.01572E+01	 1.15255E+01
 7.83893E+00	 6.70147E+00	 5.17255E+00	 7.55071E+00	 1.20366E+01	 8.58002E+00	 5.30915E+00	 1.01917E+01	 8.13242E+00	 1.01746E+01	 1.62311E+01	 1.72490E+01	 1.14878E+01	 2.81673E+01	 2.19336E+01	 1.16946E+01	 1.35667E+01	 1.04042E+01	 9.39514E+00	 1.19779E+01	 1.42708E+01	 9.87737E+00	 9.70573E+00	 1.87713E+01	 2.10489E+01	 2.36552E+01	 2.84192E+01	 2.30274E+01	 2.17638E+01	 2.49273E+01	 2.39832E+01	 2.52530E+01	 2.30742E+01	 2.39472E+01	 1.87921E+01	 5.86166E+00	 4.87568E+00	 6.28324E+00	 9.88834E+00	 8.94168E+00	 1.14385E+01	 9.34676E+00	 5.68779E+00	 4.39013E+00	 5.75529E+00	 6.31782E+00	 5.28026E+00	 5.60432E+00	 6.75990E+00	 8.68921E+00	 9.58535E+00	 1.12028E+01	 7.80335E+00	 8.96836E+00	 6.85173E+00	 1.20864E+01	 2.59729E+01	 2.71814E+01	 1.59634E+01	 1.13458E+01	 1.26799E+01
 7.11696E+00	 4.77519E+00	 5.25000E+00	 8.37155E+00	 9.24311E+00	 8.22786E+00	 7.91880E+00	 5.86926E+00	 6.89919E+00	 6.83229E+00	 8.59270E+00	 9.34717E+00	 1.52355E+01	 2.13474E+01	 1.44399E+01	 1.00725E+01	 9.76402E+00	 1.24779E+01	 1.22134E+01	 1.51819E+01	 2.10976E+01	 1.95642E+01	 1.35244E+01	 1.83860E+01	 2.46393E+01	 2.61360E+01	 2.50846E+01	 2.55152E+01	 2.73201E+01	 3.02896E+01	 3.04851E+01	 2.76362E+01	 1.89589E+01	 1.04598E+01	 4.47131E+00	 3.41364E+00	 4.91386E+00	 4.02926E+00	 4.84159E+00	 1.03761E+01	 1.17102E+01	 1.02450E+01	 1.84317E+01	 2.55765E+01	 1.42500E+01	 3.28209E+00	 7.46609E+00	 4.42785E+00	 4.20190E+00	 6.90777E+00	 1.00000E+01	 7.50000E+00	 1.05610E+01	 1.15725E+01	 1.35276E+01	 1.43513E+01	 1.78703E+01	 2.40805E+01	 1.25030E+01	 9.41602E+00	 8.52225E+00
 6.45841E+00	 4.59159E+00	 4.55335E+00	 7.58746E+00	 6.42587E+00	 7.73946E+00	 5.14514E+00	 6.39428E+00	 5.65280E+00	 4.73646E+00	 8.03887E+00	 7.12737E+00	 1.10346E+01	 1.85503E+01	 1.23358E+01	 7.73172E+00	 1.03624E+01	 1.38992E+01	 1.37988E+01	 1.59177E+01	 1.14055E+01	 9.87478E+00	 7.09270E+00	 1.88617E+01	 2.26117E+01	 2.31179E+01	 2.35908E+01	 3.13710E+01	 3.73151E+01	 3.46011E+01	 2.39782E+01	 2.31360E+01	 1.31972E+01	 5.32192E+00	 6.39791E+00	 3.50353E+00	 6.09270E+00	 8.04433E+00	 1.18811E+01	 2.81006E+01	 3.79318E+01	 3.55119E+01	 3.20234E+01	 1.95128E+01	 2.01225E+01	 1.39827E+01	 6.06284E+00	 4.04705E+00	 6.16324E+00	 1.02530E+01	 8.06621E+00	 7.37747E+00	 9.22413E+00	 1.59354E+01	 1.80701E+01	 2.54851E+01	 2.25765E+01	 2.21854E+01	 1.30300E+01	 1.23793E+01	 8.84493E+00
 1.11930E+01	 6.13737E+00	 3.40415E+00	 4.58229E+00	 7.58229E+00	 9.52129E+00	 1.11696E+01	 1.39535E+01	 1.03973E+01	 4.58980E+00	 4.74369E+00	 5.03097E+00	 5.84452E+00	 6.50312E+00	 9.99229E+00	 1.06743E+01	 1.31505E+01	 1.20615E+01	 1.39634E+01	 8.73851E+00	 8.37237E+00	 1.27690E+01	 9.71836E+00	 1.39528E+01	 2.01829E+01	 1.58719E+01	 2.01632E+01	 4.03262E+01	 3.97560E+01	 1.64969E+01	 9.34542E+00	 1.20217E+01	 6.98057E+00	 4.33215E+00	 5.15105E+00	 6.76901E+00	 4.65458E+00	 8.72786E+00	 8.81151E+00	 2.46374E+01	 2.01104E+01	 1.97989E+01	 1.68224E+01	 1.82781E+01	 2.22338E+01	 1.40534E+01	 1.01455E+01	 6.80008E+00	 1.20484E+01	 1.50887E+01	 1.70406E+01	 1.22658E+01	 1.58666E+01	 2.21943E+01	 2.64232E+01	 3.83679E+01	 3.33734E+01	 1.66124E+01	 3.67587E+00	 2.55281E+00	 3.63146E+00
 1.92316E+01	 7.99311E+00	 3.75000E+00	 3.00000E+00	 4.50000E+00	 6.06016E+00	 1.02878E+01	 1.17224E+01	 8.11528E+00	 7.87478E+00	 3.56044E+00	 3.97244E+00	 5.89196E+00	 1.44367E+01	 1.56017E+01	 2.25484E+01	 2.21284E+01	 1.26677E+01	 1.45725E+01	 9.37933E+00	 4.61122E+00	 8.35669E+00	 9.27075E+00	 9.44351E+00	 7.36253E+00	 8.07250E+00	 1.87652E+01	 3.23951E+01	 1.93667E+01	 1.28076E+01	 1.28300E+01	 7.95162E+00	 4.16725E+00	 6.04433E+00	 1.26899E+01	 1.24064E+01	 7.52760E+00	 8.04674E+00	 1.21729E+01	 2.32713E+01	 1.82338E+01	 1.15501E+01	 1.29724E+01	 1.21555E+01	 1.58387E+01	 1.03427E+01	 9.22786E+00	 7.31096E+00	 1.10463E+01	 1.29996E+01	 1.59862E+01	 1.94838E+01	 2.30426E+01	 3.60363E+01	 3.73902E+01	 3.26632E+01	 3.34192E+01	 2.46836E+01	 1.75792E+01	 1.15000E+01	 1.61433E+01
 1.48793E+01	 8.27760E+00	 4.29083E+00	 3.70418E+00	 3.21926E+00	 3.62779E+00	 6.31201E+00	 5.50000E+00	 6.20418E+00	 4.11298E+00	 4.48320E+00	 4.69961E+00	 3.70190E+00	 7.54433E+00	 1.35229E+01	 2.25841E+01	 1.49486E+01	 7.41602E+00	 8.77969E+00	 5.99229E+00	 5.80915E+00	 4.89514E+00	 6.38835E+00	 1.79569E+01	 2.29313E+01	 2.27026E+01	 3.09906E+01	 1.82408E+01	 1.16411E+01	 1.01298E+01	 9.39514E+00	 6.81488E+00	 7.55335E+00	 1.52378E+01	 1.01424E+01	 5.99770E+00	 6.78026E+00	 8.85317E+00	 1.32588E+01	 2.21289E+01	 2.55396E+01	 2.40853E+01	 1.30954E+01	 7.02535E+00	 6.06782E+00	 6.62023E+00	 7.50135E+00	 5.28391E+00	 1.15346E+01	 1.73469E+01	 2.26243E+01	 1.70804E+01	 1.76954E+01	 2.47785E+01	 2.89464E+01	 3.40951E+01	 1.41445E+02	 3.46173E+01	 2.76773E+01	 1.52338E+01	 9.53391E+00
