//Exported ASCII-File
[Header]
FileName = C:\Users\reoml\Desktop\Mestrado\mapa raman\novas medidas\Medidas Raman - Rafael\Medidas Raman - Rafael\GO em substrato metalico (0.01 com e sem EDA) - Rafael.WIP
ImageName = Scan_003_Spec.Data 1_F: Min & Max -> Maximum [2830.5 rel. 1/cm -> 3010.9 rel. 1/cm]
PointsPerLine = 61
LinesPerImage = 61
ScanUnit = µm
ScanWidth = 30
ScanHeight = 30
ScanOriginX = -2.01399993896484
ScanOriginY = 0.526000022888184
ScanOriginZ = 0
DataUnit = CCD cts
[Data]
 2.54302E+01	 2.75000E+01	 2.80000E+01	 2.40000E+01	 2.56380E+01	 2.56652E+01	 2.71214E+01	 2.41103E+01	 2.66314E+01	 2.66984E+01	 2.65715E+01	 3.19390E+01	 2.43293E+01	 2.68143E+01	 2.74252E+01	 2.66137E+01	 2.73437E+01	 2.59195E+01	 2.62428E+01	 2.76946E+01	 2.49357E+01	 2.58420E+01	 2.45793E+01	 2.65571E+01	 2.50460E+01	 2.57273E+01	 2.40682E+01	 2.46591E+01	 2.51181E+01	 2.92500E+01	 2.50316E+01	 2.60077E+01	 2.87960E+01	 2.50161E+01	 2.41397E+01	 2.47865E+01	 2.86619E+01	 3.11031E+01	 2.65000E+01	 2.49413E+01	 2.53786E+01	 2.39446E+01	 2.60190E+01	 2.99340E+01	 2.71480E+01	 2.69407E+01	 2.39961E+01	 2.29545E+01	 2.82977E+01	 2.93897E+01	 2.73659E+01	 2.54972E+01	 2.54695E+01	 2.10365E+01	 2.60377E+01	 2.75621E+01	 2.65460E+01	 2.82067E+01	 2.55881E+01	 2.94577E+01	 2.65636E+01
 2.66480E+01	 2.34873E+01	 2.81358E+01	 2.59784E+01	 2.61840E+01	 2.11940E+01	 2.48476E+01	 2.63714E+01	 2.72272E+01	 2.80571E+01	 2.35560E+01	 2.27877E+01	 2.42400E+01	 2.42072E+01	 2.67373E+01	 2.57023E+01	 2.51573E+01	 2.87860E+01	 2.70477E+01	 2.79706E+01	 2.78087E+01	 2.66480E+01	 2.61142E+01	 2.64195E+01	 2.45183E+01	 2.49523E+01	 2.39213E+01	 2.50166E+01	 2.63154E+01	 2.62683E+01	 2.67317E+01	 2.57500E+01	 2.78465E+01	 2.85365E+01	 2.83714E+01	 2.42677E+01	 2.77500E+01	 2.56381E+01	 2.69523E+01	 2.47849E+01	 2.55394E+01	 2.58492E+01	 2.91425E+01	 2.68575E+01	 2.22678E+01	 2.59784E+01	 2.55932E+01	 2.65000E+01	 2.67849E+01	 2.71890E+01	 2.88048E+01	 3.10942E+01	 2.55161E+01	 2.61258E+01	 2.60571E+01	 2.33287E+01	 2.22539E+01	 2.56325E+01	 2.62877E+01	 2.86582E+01	 2.51159E+01
 3.06369E+01	 2.97500E+01	 2.81397E+01	 2.39772E+01	 2.82877E+01	 2.50416E+01	 2.43693E+01	 2.96890E+01	 2.57500E+01	 2.61985E+01	 2.67811E+01	 2.51031E+01	 2.50515E+01	 2.65515E+01	 2.64107E+01	 3.07262E+01	 2.59357E+01	 2.47849E+01	 2.61707E+01	 2.65016E+01	 2.49706E+01	 2.37794E+01	 2.74822E+01	 2.47500E+01	 2.67683E+01	 2.48143E+01	 2.71607E+01	 2.56691E+01	 2.66713E+01	 2.55731E+01	 2.85476E+01	 2.78198E+01	 2.76242E+01	 2.82572E+01	 2.83603E+01	 2.68631E+01	 2.48087E+01	 2.69762E+01	 2.67794E+01	 2.37500E+01	 2.50000E+01	 2.55976E+01	 2.32905E+01	 2.42976E+01	 2.44046E+01	 2.72666E+01	 2.81397E+01	 2.99191E+01	 2.39413E+01	 2.64024E+01	 2.58215E+01	 2.98087E+01	 3.02323E+01	 2.52101E+01	 2.35515E+01	 2.46818E+01	 2.49086E+01	 2.46286E+01	 2.44588E+01	 2.51619E+01	 2.32651E+01
 2.56524E+01	 2.43393E+01	 2.67894E+01	 2.45000E+01	 2.33231E+01	 2.21314E+01	 2.41369E+01	 2.28048E+01	 2.88819E+01	 2.22854E+01	 2.37472E+01	 2.35548E+01	 2.22960E+01	 2.29146E+01	 2.40825E+01	 2.76619E+01	 2.70965E+01	 2.83432E+01	 2.85100E+01	 2.76940E+01	 2.51508E+01	 2.50793E+01	 2.54618E+01	 2.46214E+01	 2.83198E+01	 2.56358E+01	 2.52405E+01	 2.52405E+01	 2.53603E+01	 2.62044E+01	 2.31203E+01	 2.39191E+01	 2.63520E+01	 2.66059E+01	 2.71191E+01	 2.80121E+01	 2.75671E+01	 2.68880E+01	 2.39938E+01	 2.32860E+01	 2.70405E+01	 2.42106E+01	 2.75177E+01	 2.62106E+01	 2.49440E+01	 2.40920E+01	 2.65460E+01	 2.57666E+01	 2.78996E+01	 2.76585E+01	 2.61214E+01	 2.33015E+01	 2.68925E+01	 2.47577E+01	 2.60332E+01	 2.69762E+01	 2.71857E+01	 2.56546E+01	 3.02539E+01	 2.69523E+01	 2.42600E+01
 2.51469E+01	 2.51142E+01	 2.35715E+01	 2.27400E+01	 2.33087E+01	 2.21330E+01	 8.80095E+01	 5.54613E+01	 2.42811E+01	 2.46713E+01	 2.55976E+01	 2.47500E+01	 2.73753E+01	 2.46568E+01	 2.45039E+01	 2.70920E+01	 2.47860E+01	 2.68093E+01	 2.79961E+01	 2.77579E+01	 2.68758E+01	 2.70065E+01	 2.58807E+01	 2.93952E+01	 2.83952E+01	 2.80560E+01	 2.34928E+01	 2.52206E+01	 2.69706E+01	 2.72106E+01	 2.65920E+01	 2.32500E+01	 2.62500E+01	 2.48952E+01	 2.50000E+01	 2.45000E+01	 2.47023E+01	 2.53181E+01	 2.49175E+01	 2.54063E+01	 2.73753E+01	 2.35953E+01	 2.48841E+01	 2.52500E+01	 2.57151E+01	 2.53952E+01	 2.59540E+01	 2.37428E+01	 2.40095E+01	 2.44584E+01	 2.40362E+01	 2.69810E+01	 2.55000E+01	 2.64595E+01	 2.62246E+01	 2.35190E+01	 2.46297E+01	 2.51580E+01	 2.59346E+01	 2.59346E+01	 2.31707E+01
 2.46580E+01	 2.48248E+01	 2.44390E+01	 2.47500E+01	 2.41349E+01	 2.67140E+01	 2.87040E+01	 2.57084E+01	 2.54523E+01	 2.35554E+01	 2.52255E+01	 2.65920E+01	 2.38492E+01	 2.18980E+01	 2.60914E+01	 2.97072E+01	 2.71369E+01	 2.71369E+01	 2.63770E+01	 2.75039E+01	 2.99207E+01	 2.43248E+01	 2.56142E+01	 2.45460E+01	 2.63309E+01	 2.68642E+01	 2.59213E+01	 2.49191E+01	 2.74047E+01	 2.63393E+01	 2.60127E+01	 2.54762E+01	 2.54357E+01	 2.55100E+01	 2.42805E+01	 2.78930E+01	 2.62722E+01	 2.98637E+01	 2.88182E+01	 2.63952E+01	 2.62976E+01	 2.52500E+01	 2.29523E+01	 2.55723E+01	 2.42882E+01	 2.33897E+01	 2.56108E+01	 2.64379E+01	 2.71159E+01	 2.55976E+01	 2.69778E+01	 2.79240E+01	 2.61175E+01	 2.61319E+01	 2.64606E+01	 2.83693E+01	 2.87024E+01	 2.43531E+01	 2.34972E+01	 2.35039E+01	 2.43531E+01
 2.72600E+01	 2.53060E+01	 2.44961E+01	 2.61159E+01	 2.64484E+01	 2.57151E+01	 2.58952E+01	 2.68087E+01	 2.50516E+01	 2.78987E+01	 2.68880E+01	 2.70260E+01	 2.47854E+01	 2.40554E+01	 2.66691E+01	 2.61535E+01	 2.93869E+01	 2.67905E+01	 2.74595E+01	 2.78071E+01	 2.66191E+01	 2.91388E+01	 3.02140E+01	 2.68620E+01	 2.51535E+01	 2.84346E+01	 2.65476E+01	 2.50005E+01	 2.62084E+01	 3.04762E+01	 2.77595E+01	 2.39540E+01	 2.42484E+01	 2.75881E+01	 2.76142E+01	 2.82206E+01	 2.52500E+01	 2.58015E+01	 2.75360E+01	 2.53015E+01	 2.44413E+01	 2.55000E+01	 2.66131E+01	 2.45571E+01	 2.32023E+01	 2.55360E+01	 2.45748E+01	 2.65965E+01	 2.37500E+01	 2.45560E+01	 2.52151E+01	 2.44523E+01	 2.66214E+01	 2.65000E+01	 2.68087E+01	 2.68758E+01	 2.50000E+01	 2.75000E+01	 2.91508E+01	 2.52095E+01	 2.38237E+01
 2.32500E+01	 2.48548E+01	 2.48476E+01	 2.42045E+01	 2.68248E+01	 2.50072E+01	 2.62400E+01	 2.63929E+01	 2.70476E+01	 2.78675E+01	 2.75072E+01	 2.25942E+01	 2.22677E+01	 2.44274E+01	 2.42516E+01	 2.38980E+01	 2.51048E+01	 2.72382E+01	 2.73871E+01	 2.66716E+01	 2.91644E+01	 2.65820E+01	 2.95294E+01	 2.94706E+01	 2.92500E+01	 2.86425E+01	 2.79191E+01	 2.57278E+01	 2.59274E+01	 2.67206E+01	 2.84706E+01	 2.66131E+01	 2.79817E+01	 2.55477E+01	 2.41774E+01	 2.81103E+01	 2.74413E+01	 2.36358E+01	 2.83531E+01	 2.76369E+01	 2.45000E+01	 2.40587E+01	 2.73742E+01	 2.45000E+01	 2.59107E+01	 2.86846E+01	 2.70000E+01	 2.58758E+01	 2.82516E+01	 3.35000E+01	 2.72262E+01	 2.44762E+01	 2.51857E+01	 2.50571E+01	 2.50587E+01	 2.41480E+01	 2.66214E+01	 2.70909E+01	 2.70682E+01	 2.43126E+01	 2.51131E+01
 2.65143E+01	 3.05000E+01	 2.67357E+01	 2.57500E+01	 2.49191E+01	 2.18830E+01	 2.52860E+01	 2.53897E+01	 2.49606E+01	 2.37600E+01	 2.46397E+01	 2.43087E+01	 2.25294E+01	 2.50548E+01	 2.82677E+01	 2.91546E+01	 2.58093E+01	 2.62860E+01	 2.84340E+01	 2.48691E+01	 2.61031E+01	 2.76031E+01	 2.64485E+01	 2.77627E+01	 2.73559E+01	 2.58476E+01	 2.59606E+01	 2.59213E+01	 2.46048E+01	 2.65183E+01	 2.52135E+01	 2.41309E+01	 2.48686E+01	 2.57627E+01	 2.52754E+01	 2.43054E+01	 2.43841E+01	 2.73048E+01	 2.61695E+01	 2.60000E+01	 2.44857E+01	 2.42023E+01	 2.28758E+01	 2.39562E+01	 2.33182E+01	 2.61857E+01	 2.56070E+01	 2.67960E+01	 2.75920E+01	 2.55183E+01	 2.41159E+01	 2.50405E+01	 2.73476E+01	 2.99485E+01	 2.66508E+01	 2.57754E+01	 2.72738E+01	 2.72023E+01	 2.54024E+01	 2.81341E+01	 2.70000E+01
 2.09485E+01	 2.27539E+01	 2.42106E+01	 2.66535E+01	 2.34035E+01	 2.27373E+01	 2.32727E+01	 2.73869E+01	 2.76929E+01	 2.33730E+01	 2.50000E+01	 2.65238E+01	 2.59346E+01	 2.52272E+01	 2.45554E+01	 2.58608E+01	 2.73320E+01	 2.77400E+01	 2.68819E+01	 2.92500E+01	 2.52400E+01	 2.87300E+01	 2.99379E+01	 2.75183E+01	 2.63659E+01	 2.99485E+01	 2.78492E+01	 2.67577E+01	 2.60039E+01	 2.62976E+01	 2.54008E+01	 2.85000E+01	 3.13054E+01	 2.58642E+01	 2.70571E+01	 2.64784E+01	 2.70914E+01	 2.56070E+01	 2.52738E+01	 2.85476E+01	 2.64107E+01	 2.56186E+01	 2.66508E+01	 2.57539E+01	 2.88414E+01	 2.93414E+01	 2.87023E+01	 2.79008E+01	 2.43292E+01	 2.46607E+01	 2.27677E+01	 2.35748E+01	 2.47023E+01	 2.58941E+01	 2.55000E+01	 2.43685E+01	 2.53541E+01	 2.85476E+01	 2.80238E+01	 2.54484E+01	 2.58869E+01
 2.41131E+01	 2.83453E+01	 2.80515E+01	 2.58182E+01	 2.65787E+01	 2.66247E+01	 2.40000E+01	 2.54274E+01	 2.71508E+01	 2.80000E+01	 2.57435E+01	 2.47140E+01	 2.53969E+01	 2.39900E+01	 2.25304E+01	 2.40072E+01	 2.47322E+01	 2.62106E+01	 2.80554E+01	 2.61142E+01	 2.58071E+01	 3.01280E+01	 3.04340E+01	 2.77040E+01	 2.62323E+01	 2.45992E+01	 2.31159E+01	 2.46452E+01	 2.41070E+01	 2.58015E+01	 2.57977E+01	 2.44413E+01	 2.39285E+01	 2.57151E+01	 2.85100E+01	 2.85554E+01	 2.73198E+01	 2.75726E+01	 2.92262E+01	 2.78465E+01	 2.83858E+01	 2.74606E+01	 2.91319E+01	 2.64606E+01	 2.80476E+01	 2.41270E+01	 2.48841E+01	 2.42500E+01	 2.47658E+01	 2.92140E+01	 2.56120E+01	 2.53888E+01	 2.66309E+01	 2.52690E+01	 2.62106E+01	 2.86985E+01	 3.17938E+01	 3.12310E+01	 2.67677E+01	 2.47500E+01	 2.62811E+01
 2.74823E+01	 2.75654E+01	 2.82500E+01	 2.42400E+01	 2.77760E+01	 2.68420E+01	 2.40166E+01	 2.61857E+01	 2.75144E+01	 2.60976E+01	 2.66857E+01	 2.57738E+01	 2.60992E+01	 2.53987E+01	 2.61487E+01	 2.39606E+01	 2.53320E+01	 2.96214E+01	 2.81607E+01	 2.78814E+01	 2.77262E+01	 3.27581E+01	 2.61425E+01	 2.61075E+01	 2.96452E+01	 2.76619E+01	 2.60000E+01	 2.74080E+01	 2.60360E+01	 2.50166E+01	 2.72794E+01	 2.76452E+01	 2.86048E+01	 2.51580E+01	 2.51071E+01	 2.69524E+01	 2.41452E+01	 2.78171E+01	 2.67860E+01	 2.63869E+01	 3.06075E+01	 2.64939E+01	 2.85920E+01	 2.66524E+01	 2.67262E+01	 2.98575E+01	 2.81913E+01	 2.68060E+01	 2.56802E+01	 2.53925E+01	 2.91397E+01	 2.74008E+01	 2.56563E+01	 2.36159E+01	 2.68320E+01	 2.78145E+01	 2.79944E+01	 2.91508E+01	 2.76985E+01	 2.73492E+01	 2.64961E+01
 2.64606E+01	 2.67272E+01	 2.35311E+01	 2.71214E+01	 2.65726E+01	 2.39440E+01	 2.62976E+01	 2.72577E+01	 2.71713E+01	 2.79265E+01	 2.97572E+01	 2.64746E+01	 2.63631E+01	 2.29229E+01	 2.72738E+01	 2.51846E+01	 2.35515E+01	 2.58925E+01	 2.81774E+01	 2.63841E+01	 2.53409E+01	 2.75072E+01	 2.92023E+01	 2.63575E+01	 2.73015E+01	 2.87349E+01	 2.41991E+01	 2.28864E+01	 2.30920E+01	 2.34928E+01	 2.60405E+01	 2.67400E+01	 2.75072E+01	 2.38619E+01	 2.58714E+01	 2.50726E+01	 2.48432E+01	 2.63305E+01	 2.64873E+01	 2.50726E+01	 2.64274E+01	 2.53659E+01	 2.61186E+01	 2.46524E+01	 2.91369E+01	 2.73015E+01	 2.80460E+01	 2.61480E+01	 2.66131E+01	 2.64762E+01	 3.02600E+01	 2.63110E+01	 2.92977E+01	 2.88393E+01	 2.64762E+01	 2.80000E+01	 3.00515E+01	 3.25992E+01	 2.67461E+01	 3.03060E+01	 2.84523E+01
 2.64623E+01	 2.72500E+01	 2.52643E+01	 2.86280E+01	 2.85028E+01	 2.62151E+01	 2.54856E+01	 2.69928E+01	 2.87860E+01	 2.46297E+01	 2.68182E+01	 2.63531E+01	 2.86591E+01	 2.56073E+01	 2.90920E+01	 2.57804E+01	 2.29873E+01	 2.58548E+01	 2.96425E+01	 2.64800E+01	 2.79784E+01	 2.87123E+01	 3.01480E+01	 2.69523E+01	 2.67262E+01	 2.50477E+01	 2.61425E+01	 2.65000E+01	 2.61535E+01	 2.90809E+01	 2.71580E+01	 2.85920E+01	 2.84540E+01	 2.68420E+01	 3.06580E+01	 2.98714E+01	 2.81214E+01	 2.65215E+01	 2.67084E+01	 2.72500E+01	 2.38636E+01	 2.31535E+01	 2.61535E+01	 2.80238E+01	 2.60965E+01	 2.48520E+01	 2.58897E+01	 2.71913E+01	 2.71913E+01	 2.98309E+01	 3.02023E+01	 2.62400E+01	 2.65587E+01	 2.81585E+01	 2.68320E+01	 3.12600E+01	 2.70999E+01	 2.74191E+01	 2.64762E+01	 2.64972E+01	 2.81524E+01
 3.22072E+01	 2.64023E+01	 2.68381E+01	 2.70238E+01	 3.15698E+01	 2.34746E+01	 2.66214E+01	 2.45698E+01	 2.76802E+01	 2.66075E+01	 2.31984E+01	 2.68714E+01	 2.97854E+01	 2.58136E+01	 2.94944E+01	 3.09584E+01	 2.75715E+01	 2.48382E+01	 2.43442E+01	 2.69274E+01	 2.44318E+01	 2.72500E+01	 2.92860E+01	 2.60920E+01	 2.58675E+01	 2.48855E+01	 2.80454E+01	 2.63714E+01	 2.55000E+01	 2.56713E+01	 2.81480E+01	 2.51286E+01	 2.66890E+01	 2.70726E+01	 2.80000E+01	 3.28814E+01	 2.77195E+01	 2.72141E+01	 2.61147E+01	 2.76857E+01	 2.59024E+01	 2.53048E+01	 2.50294E+01	 2.95920E+01	 2.60000E+01	 2.76746E+01	 2.87821E+01	 2.61242E+01	 3.08048E+01	 2.90731E+01	 2.76952E+01	 3.17500E+01	 2.79923E+01	 2.53476E+01	 2.60000E+01	 2.86071E+01	 2.97683E+01	 2.73770E+01	 2.75000E+01	 2.84746E+01	 2.60809E+01
 2.53235E+01	 2.50005E+01	 2.68231E+01	 2.55460E+01	 2.74910E+01	 2.67300E+01	 2.65554E+01	 2.93909E+01	 2.76713E+01	 2.61691E+01	 2.95748E+01	 2.84430E+01	 2.68263E+01	 2.72120E+01	 2.64274E+01	 2.78570E+01	 2.75077E+01	 2.59961E+01	 2.67040E+01	 2.61691E+01	 2.60039E+01	 2.61075E+01	 2.75698E+01	 2.57960E+01	 2.53714E+01	 2.53795E+01	 2.92865E+01	 2.68603E+01	 2.89928E+01	 2.51573E+01	 2.78531E+01	 2.54269E+01	 2.91984E+01	 2.80881E+01	 2.80377E+01	 2.68126E+01	 2.97643E+01	 2.81159E+01	 2.61319E+01	 2.75000E+01	 2.67246E+01	 2.43987E+01	 3.36950E+01	 2.36523E+01	 2.71175E+01	 2.75593E+01	 3.15000E+01	 2.98929E+01	 2.72905E+01	 2.66120E+01	 2.45976E+01	 3.07500E+01	 2.53154E+01	 3.02349E+01	 2.64849E+01	 2.45285E+01	 2.83548E+01	 2.61713E+01	 2.69073E+01	 2.67120E+01	 2.65000E+01
 2.76214E+01	 3.16846E+01	 2.61940E+01	 2.88305E+01	 3.19961E+01	 2.71769E+01	 3.00460E+01	 2.88531E+01	 2.74357E+01	 2.91214E+01	 2.69623E+01	 2.80920E+01	 2.74706E+01	 2.37262E+01	 2.67106E+01	 2.89024E+01	 2.36524E+01	 2.81070E+01	 2.73710E+01	 2.71103E+01	 2.73320E+01	 2.55321E+01	 2.65260E+01	 2.98659E+01	 2.43758E+01	 2.64144E+01	 3.14068E+01	 2.83548E+01	 2.99778E+01	 2.66950E+01	 2.90405E+01	 2.74562E+01	 2.87666E+01	 2.83941E+01	 2.84068E+01	 2.84440E+01	 2.80460E+01	 2.72500E+01	 3.11691E+01	 2.73309E+01	 3.00294E+01	 2.73603E+01	 2.77118E+01	 2.67977E+01	 2.64119E+01	 2.85698E+01	 2.67816E+01	 2.68309E+01	 2.74635E+01	 2.64762E+01	 2.77905E+01	 2.62334E+01	 2.30524E+01	 2.75000E+01	 2.95893E+01	 2.86691E+01	 2.69928E+01	 2.93969E+01	 2.67577E+01	 2.71695E+01	 2.81020E+01
 2.67500E+01	 3.19191E+01	 2.63320E+01	 2.82528E+01	 2.77300E+01	 2.66707E+01	 2.56774E+01	 2.59762E+01	 2.85166E+01	 2.51619E+01	 2.61985E+01	 2.49318E+01	 2.73050E+01	 2.49817E+01	 2.65000E+01	 2.43969E+01	 2.95000E+01	 2.58603E+01	 2.42677E+01	 2.57500E+01	 2.83571E+01	 2.55965E+01	 2.21349E+01	 2.57400E+01	 2.57860E+01	 2.47760E+01	 2.61691E+01	 2.78753E+01	 2.92572E+01	 2.59440E+01	 2.63531E+01	 2.69928E+01	 2.64008E+01	 2.73198E+01	 2.62666E+01	 2.83714E+01	 2.76020E+01	 2.62118E+01	 2.61913E+01	 2.78093E+01	 3.18869E+01	 2.25976E+01	 2.68892E+01	 3.20354E+01	 2.76691E+01	 2.62262E+01	 3.04008E+01	 2.89008E+01	 2.59119E+01	 2.64595E+01	 2.90000E+01	 2.47954E+01	 2.77905E+01	 2.72262E+01	 2.67468E+01	 2.78420E+01	 3.22357E+01	 2.67539E+01	 2.35571E+01	 2.95942E+01	 2.67323E+01
 2.74035E+01	 2.94784E+01	 2.26952E+01	 2.88476E+01	 3.03952E+01	 3.05382E+01	 2.73869E+01	 2.68548E+01	 3.30039E+01	 2.70560E+01	 2.80127E+01	 2.69119E+01	 3.15460E+01	 2.67500E+01	 2.27500E+01	 2.51397E+01	 2.58797E+01	 2.51840E+01	 2.66840E+01	 2.48880E+01	 3.14240E+01	 2.68642E+01	 2.45920E+01	 2.63780E+01	 2.71380E+01	 2.68897E+01	 2.34213E+01	 2.95072E+01	 2.78531E+01	 2.37189E+01	 2.77860E+01	 3.17040E+01	 2.50000E+01	 2.69823E+01	 2.61940E+01	 2.63548E+01	 2.60476E+01	 2.50032E+01	 2.51186E+01	 2.41864E+01	 2.54429E+01	 2.88254E+01	 2.65548E+01	 2.12960E+01	 2.62249E+01	 2.48575E+01	 2.60893E+01	 2.60285E+01	 3.12750E+02	 2.72762E+01	 3.04524E+01	 2.37960E+01	 2.58980E+01	 2.63432E+01	 2.47500E+01	 2.88814E+01	 2.97905E+01	 2.26806E+01	 2.51103E+01	 2.97262E+01	 2.62106E+01
 2.58381E+01	 2.45738E+01	 2.68927E+01	 2.82246E+01	 2.85166E+01	 2.64577E+01	 2.52677E+01	 2.79068E+01	 2.68786E+01	 2.73941E+01	 2.69357E+01	 2.78841E+01	 2.75166E+01	 2.35238E+01	 2.54001E+01	 2.90000E+01	 2.71857E+01	 2.49606E+01	 2.51349E+01	 2.32206E+01	 2.56857E+01	 2.21879E+01	 2.34595E+01	 2.60715E+01	 2.61441E+01	 2.50932E+01	 2.61864E+01	 2.57183E+01	 2.83642E+01	 2.50857E+01	 2.69651E+01	 2.62528E+01	 2.66103E+01	 2.73087E+01	 2.60000E+01	 2.51270E+01	 3.09984E+01	 2.49817E+01	 2.59491E+01	 2.49706E+01	 2.67206E+01	 2.70382E+01	 2.61142E+01	 2.90405E+01	 2.85000E+01	 2.52816E+01	 2.98198E+01	 2.59524E+01	 3.06075E+01	 2.61075E+01	 2.52849E+01	 2.82206E+01	 2.70516E+01	 2.36946E+01	 2.54269E+01	 2.55805E+01	 2.71802E+01	 2.59572E+01	 2.56717E+01	 2.66580E+01	 2.82938E+01
 3.01220E+01	 2.54226E+01	 2.56048E+01	 2.93048E+01	 2.57505E+01	 2.74640E+01	 2.52500E+01	 2.46131E+01	 2.71286E+01	 2.73492E+01	 2.56802E+01	 2.72877E+01	 2.91501E+01	 2.63087E+01	 2.71952E+01	 2.67905E+01	 2.71607E+01	 2.21802E+01	 2.56480E+01	 2.56131E+01	 2.78897E+01	 2.93476E+01	 2.65183E+01	 2.76840E+01	 2.63880E+01	 2.89746E+01	 2.33054E+01	 2.51890E+01	 2.71330E+01	 2.70698E+01	 2.82317E+01	 2.73714E+01	 2.78226E+01	 2.83548E+01	 2.69784E+01	 2.83841E+01	 2.29357E+01	 2.44762E+01	 2.96691E+01	 2.63841E+01	 2.80039E+01	 2.51341E+01	 3.00682E+01	 2.71031E+01	 2.62262E+01	 2.63420E+01	 2.66568E+01	 2.42860E+01	 2.50460E+01	 2.65000E+01	 2.80643E+01	 3.00349E+01	 2.40737E+01	 2.63531E+01	 2.80382E+01	 2.55965E+01	 2.66159E+01	 2.67400E+01	 3.04144E+01	 2.81568E+01	 2.64928E+01
 2.71857E+01	 2.63531E+01	 2.81369E+01	 2.78054E+01	 2.57865E+01	 2.91469E+01	 2.31142E+01	 2.63570E+01	 2.96508E+01	 2.52516E+01	 2.92500E+01	 2.95460E+01	 3.00382E+01	 3.15166E+01	 2.94623E+01	 2.65820E+01	 2.48420E+01	 2.77151E+01	 2.43520E+01	 2.97860E+01	 2.85143E+01	 2.68686E+01	 2.77500E+01	 2.44024E+01	 2.73492E+01	 2.90516E+01	 2.72140E+01	 2.52400E+01	 3.11857E+01	 3.03143E+01	 3.05405E+01	 2.52905E+01	 2.58420E+01	 3.00032E+01	 2.72794E+01	 2.62905E+01	 2.69119E+01	 2.59834E+01	 2.56785E+01	 2.86020E+01	 2.43897E+01	 2.92262E+01	 2.69762E+01	 2.65365E+01	 2.88087E+01	 2.78603E+01	 2.69822E+01	 2.58016E+01	 2.53143E+01	 2.61103E+01	 2.41546E+01	 2.48198E+01	 2.54390E+01	 2.83603E+01	 2.50238E+01	 2.42738E+01	 3.04762E+01	 3.01041E+01	 2.64570E+01	 2.66071E+01	 2.80560E+01
 2.88060E+01	 2.64063E+01	 2.41691E+01	 2.49341E+01	 2.71309E+01	 2.94340E+01	 2.74068E+01	 2.55920E+01	 2.71380E+01	 3.02760E+01	 2.86441E+01	 3.22106E+01	 3.02246E+01	 2.85382E+01	 2.72677E+01	 2.63071E+01	 2.67278E+01	 2.89800E+01	 3.03221E+01	 2.98309E+01	 2.80028E+01	 2.73015E+01	 2.48309E+01	 2.47651E+01	 2.63559E+01	 2.65000E+01	 2.80039E+01	 2.53575E+01	 2.55726E+01	 2.73730E+01	 3.36031E+01	 3.09961E+01	 2.92500E+01	 2.78320E+01	 2.46371E+01	 2.50774E+01	 2.43382E+01	 2.72500E+01	 2.95000E+01	 2.38382E+01	 2.57500E+01	 2.51226E+01	 2.68897E+01	 2.73941E+01	 2.63015E+01	 2.48492E+01	 2.86274E+01	 2.49207E+01	 2.31508E+01	 2.64119E+01	 2.86103E+01	 2.57040E+01	 2.51480E+01	 2.87146E+01	 2.82495E+01	 2.80626E+01	 2.44873E+01	 2.67977E+01	 2.64523E+01	 2.68631E+01	 2.66680E+01
 2.65626E+01	 2.62816E+01	 2.69523E+01	 2.78753E+01	 2.78753E+01	 2.55238E+01	 2.52976E+01	 2.75698E+01	 2.61159E+01	 2.62916E+01	 2.68453E+01	 2.92799E+01	 2.81746E+01	 2.41253E+01	 2.32206E+01	 2.55809E+01	 2.76048E+01	 2.88897E+01	 2.81778E+01	 2.86984E+01	 2.72849E+01	 2.52151E+01	 2.57500E+01	 2.75349E+01	 2.62045E+01	 2.37794E+01	 2.39035E+01	 2.67421E+01	 2.57677E+01	 2.50166E+01	 2.60881E+01	 2.63603E+01	 2.55748E+01	 2.41214E+01	 2.55000E+01	 2.68675E+01	 2.68215E+01	 2.45571E+01	 2.44440E+01	 2.56214E+01	 2.45509E+01	 2.35000E+01	 2.42246E+01	 2.54635E+01	 2.51397E+01	 2.59302E+01	 2.58980E+01	 2.72262E+01	 2.72500E+01	 2.75127E+01	 2.60881E+01	 2.71397E+01	 2.55206E+01	 2.66059E+01	 2.61186E+01	 2.44746E+01	 2.46319E+01	 2.69695E+01	 2.82560E+01	 2.82500E+01	 2.54091E+01
 2.61546E+01	 2.86341E+01	 2.65183E+01	 2.54191E+01	 2.66103E+01	 2.69651E+01	 2.32794E+01	 2.40937E+01	 2.63747E+01	 2.80793E+01	 2.73819E+01	 3.01013E+01	 2.85299E+01	 2.63531E+01	 2.69035E+01	 2.54706E+01	 2.72683E+01	 2.84024E+01	 2.51707E+01	 2.46441E+01	 2.41210E+01	 2.65954E+01	 2.62024E+01	 2.46785E+01	 2.67135E+01	 2.57499E+01	 2.44119E+01	 2.69762E+01	 2.59357E+01	 2.63071E+01	 2.56031E+01	 2.24008E+01	 2.55515E+01	 2.66817E+01	 2.85065E+01	 2.36774E+01	 2.49058E+01	 2.78747E+01	 2.42500E+01	 2.50726E+01	 2.38293E+01	 2.40893E+01	 2.65976E+01	 2.65793E+01	 2.70726E+01	 2.55454E+01	 2.46879E+01	 2.51253E+01	 2.52500E+01	 2.73880E+01	 2.82023E+01	 2.66290E+01	 2.52500E+01	 2.74452E+01	 2.63520E+01	 2.49024E+01	 2.52505E+01	 2.59778E+01	 2.40000E+01	 2.54706E+01	 2.64119E+01
 2.65476E+01	 2.55238E+01	 2.65000E+01	 2.73726E+01	 2.67738E+01	 2.69623E+01	 2.83575E+01	 2.75643E+01	 2.62905E+01	 2.41857E+01	 2.46214E+01	 2.46020E+01	 2.71840E+01	 2.64800E+01	 2.59207E+01	 2.39207E+01	 2.41940E+01	 2.60571E+01	 2.67135E+01	 2.94452E+01	 2.66404E+01	 2.84357E+01	 2.49429E+01	 2.43603E+01	 2.55000E+01	 2.33492E+01	 2.34523E+01	 2.63897E+01	 2.90000E+01	 2.62500E+01	 2.45000E+01	 2.52500E+01	 2.47023E+01	 2.70515E+01	 2.67135E+01	 2.62627E+01	 2.75554E+01	 3.02960E+01	 2.44606E+01	 2.60354E+01	 2.69784E+01	 2.49213E+01	 2.68531E+01	 2.58454E+01	 2.66452E+01	 2.48849E+01	 2.43293E+01	 2.70477E+01	 2.65254E+01	 2.96048E+01	 2.93969E+01	 2.81985E+01	 2.82500E+01	 2.91048E+01	 2.60976E+01	 2.53575E+01	 2.52123E+01	 2.45077E+01	 2.56397E+01	 2.41131E+01	 2.31480E+01
 2.87284E+01	 2.74601E+01	 2.83093E+01	 2.77106E+01	 2.58476E+01	 2.68659E+01	 2.66031E+01	 2.55100E+01	 2.68531E+01	 2.54640E+01	 2.53015E+01	 2.59523E+01	 2.81214E+01	 2.45365E+01	 2.39545E+01	 2.46314E+01	 2.36691E+01	 2.46508E+01	 2.71480E+01	 2.49024E+01	 2.42500E+01	 2.63520E+01	 2.51940E+01	 2.69195E+01	 2.44972E+01	 2.58381E+01	 2.58929E+01	 2.71846E+01	 2.85715E+01	 2.84577E+01	 2.51823E+01	 2.36075E+01	 2.52960E+01	 2.48925E+01	 2.65515E+01	 2.46214E+01	 2.46075E+01	 2.53858E+01	 2.50000E+01	 2.58453E+01	 2.58897E+01	 2.58309E+01	 2.73309E+01	 2.42960E+01	 2.92849E+01	 2.55405E+01	 2.56691E+01	 2.66691E+01	 2.68198E+01	 2.97123E+01	 2.52400E+01	 2.49484E+01	 2.49024E+01	 2.32905E+01	 2.69491E+01	 2.84746E+01	 2.51857E+01	 2.51274E+01	 2.69379E+01	 2.37500E+01	 2.40405E+01
 2.57023E+01	 2.75365E+01	 2.75571E+01	 2.73714E+01	 2.69485E+01	 2.41846E+01	 2.54484E+01	 2.48060E+01	 2.54984E+01	 2.60793E+01	 2.60809E+01	 2.83952E+01	 2.63154E+01	 2.30677E+01	 2.40039E+01	 2.55587E+01	 2.78087E+01	 2.57500E+01	 2.53309E+01	 2.43603E+01	 2.42135E+01	 2.40976E+01	 2.43631E+01	 2.52262E+01	 2.35000E+01	 2.44452E+01	 2.50394E+01	 2.79035E+01	 2.65954E+01	 2.80127E+01	 2.93009E+01	 2.95127E+01	 2.46314E+01	 2.42095E+01	 2.80992E+01	 2.58454E+01	 2.41210E+01	 2.59928E+01	 2.49595E+01	 2.42206E+01	 2.50515E+01	 2.56247E+01	 2.38492E+01	 2.52905E+01	 2.41695E+01	 2.59191E+01	 2.40587E+01	 2.48453E+01	 2.60476E+01	 2.67539E+01	 2.59046E+01	 2.70476E+01	 2.68869E+01	 2.38071E+01	 2.37472E+01	 2.61307E+01	 2.63774E+01	 2.56253E+01	 2.32666E+01	 2.72262E+01	 2.71214E+01
 2.42500E+01	 2.37072E+01	 2.38691E+01	 2.57300E+01	 2.62849E+01	 2.43548E+01	 2.41151E+01	 2.78651E+01	 2.62461E+01	 2.50000E+01	 2.41048E+01	 2.49810E+01	 2.33608E+01	 2.59778E+01	 2.88087E+01	 2.65000E+01	 2.43651E+01	 2.20809E+01	 2.45000E+01	 2.56691E+01	 2.59035E+01	 2.54524E+01	 2.67500E+01	 2.50060E+01	 2.66280E+01	 2.37500E+01	 2.66175E+01	 2.77865E+01	 2.87062E+01	 3.10460E+01	 2.87500E+01	 2.57095E+01	 2.48863E+01	 2.69091E+01	 2.34035E+01	 2.65000E+01	 2.37539E+01	 2.40809E+01	 2.50254E+01	 2.43015E+01	 2.34606E+01	 2.52905E+01	 2.59762E+01	 2.62643E+01	 2.58941E+01	 2.62500E+01	 2.78980E+01	 2.87500E+01	 2.50593E+01	 2.45486E+01	 2.61823E+01	 2.70809E+01	 2.45460E+01	 2.33620E+01	 2.51691E+01	 2.53492E+01	 2.30000E+01	 2.43531E+01	 2.82500E+01	 2.63015E+01	 2.85460E+01
 2.86480E+01	 2.73929E+01	 2.47500E+01	 2.45932E+01	 2.48016E+01	 2.59562E+01	 2.63814E+01	 2.48548E+01	 2.42468E+01	 2.54024E+01	 2.68287E+01	 2.63071E+01	 2.30920E+01	 2.21452E+01	 3.00077E+01	 2.68093E+01	 2.72572E+01	 2.61314E+01	 2.60000E+01	 2.55626E+01	 2.63620E+01	 2.70000E+01	 2.81369E+01	 2.70238E+01	 2.67322E+01	 2.40077E+01	 2.68819E+01	 2.71929E+01	 2.71508E+01	 2.70127E+01	 2.70127E+01	 2.52754E+01	 2.77262E+01	 2.83015E+01	 2.71059E+01	 2.76186E+01	 2.63642E+01	 2.68476E+01	 2.69452E+01	 2.32334E+01	 2.41031E+01	 2.46031E+01	 2.70515E+01	 2.77023E+01	 2.80254E+01	 2.72882E+01	 3.09440E+01	 3.07262E+01	 3.01214E+01	 2.98952E+01	 2.81309E+01	 2.81286E+01	 2.88952E+01	 2.62334E+01	 2.59857E+01	 2.49810E+01	 2.59778E+01	 2.78309E+01	 2.84900E+01	 2.61940E+01	 2.57500E+01
 2.55953E+01	 2.50000E+01	 2.57794E+01	 2.96984E+01	 2.47500E+01	 2.31392E+01	 2.37095E+01	 2.46619E+01	 2.22738E+01	 2.32095E+01	 2.27206E+01	 2.53869E+01	 2.67062E+01	 2.50100E+01	 2.32500E+01	 2.50177E+01	 2.42738E+01	 2.27500E+01	 2.52421E+01	 2.49584E+01	 2.48126E+01	 2.41607E+01	 2.34001E+01	 2.51785E+01	 2.86131E+01	 2.91846E+01	 2.57322E+01	 2.64701E+01	 2.77821E+01	 2.44972E+01	 2.63215E+01	 2.70000E+01	 2.48237E+01	 2.52894E+01	 2.51952E+01	 2.68226E+01	 2.61626E+01	 2.56059E+01	 2.48841E+01	 2.71857E+01	 2.90809E+01	 2.65000E+01	 2.83309E+01	 2.65000E+01	 2.52500E+01	 2.55405E+01	 2.77500E+01	 2.81452E+01	 3.04119E+01	 2.72262E+01	 2.57905E+01	 2.59651E+01	 2.51913E+01	 2.50992E+01	 2.70000E+01	 2.50000E+01	 2.28659E+01	 2.65405E+01	 2.29008E+01	 2.55965E+01	 2.53603E+01
 2.85394E+01	 2.46913E+01	 2.75079E+01	 2.47572E+01	 2.85127E+01	 2.83126E+01	 2.68753E+01	 2.46191E+01	 2.43686E+01	 2.58198E+01	 2.61535E+01	 2.71691E+01	 2.75516E+01	 2.55316E+01	 2.41452E+01	 2.54413E+01	 3.13087E+01	 3.07500E+01	 2.52500E+01	 2.78575E+01	 2.52877E+01	 2.76048E+01	 2.43863E+01	 2.65311E+01	 2.81358E+01	 2.77643E+01	 2.50005E+01	 2.70321E+01	 2.67643E+01	 2.81048E+01	 2.54035E+01	 2.53726E+01	 2.65405E+01	 2.55626E+01	 2.40151E+01	 2.73548E+01	 2.69706E+01	 2.46242E+01	 2.65965E+01	 2.62716E+01	 2.82528E+01	 2.91774E+01	 2.77787E+01	 2.86441E+01	 2.46309E+01	 2.56441E+01	 2.55254E+01	 2.75382E+01	 2.44119E+01	 2.80100E+01	 2.57500E+01	 2.81274E+01	 2.85000E+01	 2.54302E+01	 2.73786E+01	 2.42882E+01	 2.36713E+01	 2.48642E+01	 2.52023E+01	 2.38126E+01	 2.60316E+01
 2.38393E+01	 2.48393E+01	 2.60920E+01	 2.59651E+01	 2.83864E+01	 2.52849E+01	 2.80560E+01	 2.46214E+01	 2.54440E+01	 2.59091E+01	 2.48864E+01	 2.66142E+01	 2.44689E+01	 2.50942E+01	 2.26397E+01	 2.51363E+01	 2.67500E+01	 2.41214E+01	 2.51818E+01	 2.63520E+01	 2.47500E+01	 2.49191E+01	 2.59207E+01	 2.38980E+01	 2.20937E+01	 2.48869E+01	 2.57472E+01	 2.50412E+01	 2.56441E+01	 2.71186E+01	 2.41480E+01	 2.80000E+01	 2.16480E+01	 2.76695E+01	 2.71369E+01	 2.87484E+01	 2.30682E+01	 2.59374E+01	 2.86314E+01	 2.51186E+01	 2.58753E+01	 2.61573E+01	 2.62727E+01	 2.69545E+01	 2.59024E+01	 2.81142E+01	 2.59938E+01	 2.44689E+01	 2.53548E+01	 2.60238E+01	 3.01363E+01	 2.47272E+01	 2.84485E+01	 2.37262E+01	 2.67794E+01	 2.75748E+01	 2.47677E+01	 2.44873E+01	 2.55726E+01	 2.78154E+01	 2.64063E+01
 2.48797E+01	 2.60000E+01	 2.63287E+01	 2.90222E+01	 2.56048E+01	 2.27532E+01	 2.43492E+01	 2.61242E+01	 2.50072E+01	 2.33087E+01	 2.68226E+01	 2.66325E+01	 2.42738E+01	 2.29762E+01	 2.70166E+01	 2.54207E+01	 2.50509E+01	 2.82023E+01	 2.26580E+01	 2.58603E+01	 2.66425E+01	 2.30626E+01	 2.76330E+01	 2.61524E+01	 2.60316E+01	 2.47500E+01	 2.74905E+01	 2.79984E+01	 2.46691E+01	 2.59058E+01	 2.50937E+01	 2.78841E+01	 2.73548E+01	 2.54191E+01	 2.75000E+01	 2.85183E+01	 2.98596E+01	 2.69706E+01	 2.63770E+01	 2.53110E+01	 2.30000E+01	 2.66802E+01	 2.53465E+01	 2.69413E+01	 2.49269E+01	 2.62500E+01	 2.76619E+01	 2.50976E+01	 2.64452E+01	 2.52560E+01	 2.83651E+01	 2.46380E+01	 2.84484E+01	 2.48603E+01	 2.67794E+01	 2.55000E+01	 2.92794E+01	 2.65793E+01	 2.57500E+01	 2.52532E+01	 2.91341E+01
 2.72468E+01	 2.68897E+01	 2.53686E+01	 2.78925E+01	 2.80726E+01	 2.50643E+01	 2.72500E+01	 2.62382E+01	 2.56397E+01	 2.55032E+01	 2.37189E+01	 2.48897E+01	 2.62505E+01	 2.49905E+01	 2.43681E+01	 2.65000E+01	 2.65000E+01	 2.91802E+01	 2.67500E+01	 2.55039E+01	 2.88309E+01	 2.38869E+01	 2.53087E+01	 2.47151E+01	 2.28892E+01	 2.92500E+01	 2.95515E+01	 2.68143E+01	 2.37468E+01	 2.52738E+01	 2.52528E+01	 2.45039E+01	 2.38892E+01	 2.44086E+01	 2.50294E+01	 2.35587E+01	 2.82579E+01	 2.80081E+01	 2.56425E+01	 2.50032E+01	 2.88952E+01	 2.65809E+01	 2.83071E+01	 2.55548E+01	 2.68659E+01	 2.85787E+01	 2.59073E+01	 2.67977E+01	 2.53381E+01	 2.68520E+01	 2.88642E+01	 3.19823E+01	 2.90377E+01	 2.60000E+01	 2.27468E+01	 2.89008E+01	 2.64046E+01	 2.63969E+01	 2.72816E+01	 2.53126E+01	 2.48198E+01
 2.81524E+01	 2.58742E+01	 2.40809E+01	 2.63226E+01	 2.68381E+01	 2.62151E+01	 2.55000E+01	 2.47500E+01	 2.43642E+01	 2.90000E+01	 2.67323E+01	 2.24817E+01	 2.90000E+01	 2.76469E+01	 2.60000E+01	 2.99484E+01	 2.50000E+01	 2.86452E+01	 2.71524E+01	 2.94620E+01	 2.60334E+01	 2.28747E+01	 2.58974E+01	 2.76314E+01	 2.35698E+01	 2.37255E+01	 2.64379E+01	 2.80548E+01	 2.69213E+01	 2.45554E+01	 2.57572E+01	 2.44440E+01	 2.46381E+01	 2.47618E+01	 2.73231E+01	 2.52120E+01	 2.59346E+01	 2.44357E+01	 2.65183E+01	 2.92349E+01	 2.76286E+01	 2.90285E+01	 2.55416E+01	 2.67106E+01	 2.93548E+01	 2.80937E+01	 2.84374E+01	 2.97579E+01	 2.64302E+01	 2.58841E+01	 2.69191E+01	 2.60000E+01	 2.71242E+01	 2.54357E+01	 2.51392E+01	 2.62135E+01	 2.38869E+01	 2.62500E+01	 2.77206E+01	 2.57561E+01	 2.49008E+01
 2.65238E+01	 2.68929E+01	 2.57215E+01	 2.48575E+01	 2.74484E+01	 2.48087E+01	 2.76618E+01	 2.61131E+01	 2.51802E+01	 2.61131E+01	 2.35999E+01	 2.88393E+01	 2.37317E+01	 2.70619E+01	 2.80016E+01	 2.47528E+01	 2.58520E+01	 2.42040E+01	 2.46429E+01	 2.51480E+01	 3.00072E+01	 2.56397E+01	 2.92084E+01	 2.97627E+01	 2.37500E+01	 2.54119E+01	 3.28952E+01	 2.91619E+01	 2.73714E+01	 2.95726E+01	 2.36048E+01	 2.49317E+01	 2.49318E+01	 2.49746E+01	 2.67500E+01	 2.79578E+01	 2.75965E+01	 2.64035E+01	 2.65365E+01	 2.62500E+01	 2.44995E+01	 2.65881E+01	 2.57500E+01	 2.70726E+01	 2.80321E+01	 2.59346E+01	 2.59252E+01	 2.75528E+01	 2.79357E+01	 2.72738E+01	 2.46940E+01	 2.64817E+01	 2.55909E+01	 2.91524E+01	 3.02556E+01	 2.58742E+01	 2.67500E+01	 2.76802E+01	 2.79595E+01	 2.57556E+01	 2.53814E+01
 2.60715E+01	 2.75000E+01	 2.54207E+01	 2.86214E+01	 2.46785E+01	 2.70000E+01	 2.50698E+01	 2.53841E+01	 2.73520E+01	 2.24762E+01	 2.52500E+01	 2.32322E+01	 2.33325E+01	 2.57882E+01	 2.44024E+01	 2.37024E+01	 2.33980E+01	 2.33952E+01	 2.33154E+01	 2.50452E+01	 2.83714E+01	 2.51214E+01	 2.62024E+01	 2.61524E+01	 2.61785E+01	 2.67095E+01	 2.82120E+01	 2.84961E+01	 2.91048E+01	 2.91452E+01	 2.71026E+01	 2.56695E+01	 2.32627E+01	 2.66480E+01	 2.63892E+01	 2.25954E+01	 2.29713E+01	 2.37715E+01	 2.55476E+01	 2.73631E+01	 2.60416E+01	 2.40660E+01	 2.53774E+01	 2.78559E+01	 2.26380E+01	 2.56691E+01	 2.62024E+01	 2.51429E+01	 2.48770E+01	 2.76524E+01	 2.36738E+01	 2.85976E+01	 2.52865E+01	 2.74584E+01	 2.90920E+01	 2.43381E+01	 2.62262E+01	 2.55254E+01	 2.73841E+01	 2.54024E+01	 2.45869E+01
 2.16397E+01	 2.27500E+01	 2.41131E+01	 2.80254E+01	 2.68381E+01	 2.43016E+01	 2.72135E+01	 2.48786E+01	 2.47357E+01	 2.41270E+01	 2.67373E+01	 2.63248E+01	 2.38110E+01	 2.48154E+01	 2.44047E+01	 2.73465E+01	 2.53603E+01	 2.41274E+01	 2.50548E+01	 2.46691E+01	 2.63620E+01	 2.45516E+01	 2.34928E+01	 2.58637E+01	 2.48476E+01	 2.65000E+01	 2.70793E+01	 2.97500E+01	 2.34817E+01	 2.41397E+01	 2.58825E+01	 2.68714E+01	 2.76103E+01	 2.23177E+01	 2.58293E+01	 2.49046E+01	 2.73681E+01	 2.72151E+01	 2.91191E+01	 2.79346E+01	 3.13215E+01	 2.71020E+01	 2.97024E+01	 2.65654E+01	 2.37500E+01	 2.97024E+01	 2.58603E+01	 2.58841E+01	 2.45654E+01	 2.69191E+01	 2.69900E+01	 2.83925E+01	 2.73087E+01	 2.66762E+01	 2.88897E+01	 2.86191E+01	 3.10183E+01	 2.74651E+01	 2.64274E+01	 2.73631E+01	 2.76619E+01
 2.30294E+01	 2.70809E+01	 2.47151E+01	 2.72500E+01	 2.33548E+01	 2.52040E+01	 2.69706E+01	 2.34274E+01	 2.69191E+01	 2.43603E+01	 2.73309E+01	 2.54357E+01	 2.40000E+01	 2.39340E+01	 2.44706E+01	 2.51075E+01	 2.28016E+01	 2.35000E+01	 2.65000E+01	 2.25000E+01	 2.26984E+01	 2.25992E+01	 2.76397E+01	 2.47528E+01	 2.41048E+01	 2.54119E+01	 2.92400E+01	 2.89523E+01	 2.68071E+01	 2.14272E+01	 2.82905E+01	 2.68869E+01	 2.79446E+01	 2.35976E+01	 2.40942E+01	 2.54900E+01	 2.34191E+01	 2.80183E+01	 2.63381E+01	 2.89810E+01	 2.26381E+01	 2.68060E+01	 2.68054E+01	 2.40405E+01	 2.67528E+01	 2.46802E+01	 2.48976E+01	 2.27040E+01	 2.48048E+01	 2.49523E+01	-1.02128E+01	 1.73045E+00	 2.35000E+01	 2.47101E+01	 2.91480E+01	 2.86535E+01	 2.40000E+01	 2.35477E+01	 2.60965E+01	 2.25654E+01	 2.61535E+01
 2.28774E+01	 2.53779E+01	 2.56940E+01	 2.44484E+01	 2.21480E+01	 2.48048E+01	 2.60294E+01	 2.48897E+01	 2.65554E+01	 2.66258E+01	 2.40238E+01	 2.61746E+01	 2.98071E+01	 2.42045E+01	 2.50127E+01	 2.73631E+01	 2.42572E+01	 2.37715E+01	 2.55698E+01	 2.50809E+01	 2.41170E+01	 2.63858E+01	 2.37715E+01	 2.41314E+01	 2.42816E+01	 2.40072E+01	 2.37278E+01	 2.61913E+01	 2.51103E+01	 2.48631E+01	 2.68747E+01	 2.94119E+01	 2.36142E+01	 2.68786E+01	 2.44972E+01	 2.59873E+01	 2.37500E+01	 2.51136E+01	 2.28309E+01	 2.27821E+01	 2.32738E+01	 2.52738E+01	 2.59274E+01	 2.68897E+01	 2.52500E+01	 2.65000E+01	 2.57849E+01	 2.36535E+01	 2.78869E+01	 2.53320E+01	 2.72262E+01	 2.31469E+01	 2.64701E+01	 2.46380E+01	 2.53420E+01	 2.89651E+01	 2.80238E+01	 3.15238E+01	 2.75238E+01	 2.39834E+01	 2.66031E+01
 2.72859E+01	 2.77516E+01	 2.51508E+01	 2.35016E+01	 2.77960E+01	 2.64857E+01	 2.81380E+01	 2.58420E+01	 2.29857E+01	 2.39540E+01	 2.80000E+01	 2.59523E+01	 2.83420E+01	 2.56307E+01	 2.57977E+01	 2.81020E+01	 2.73548E+01	 2.73374E+01	 2.58453E+01	 2.61380E+01	 2.66580E+01	 2.52683E+01	 2.71159E+01	 2.51071E+01	 2.58492E+01	 2.62976E+01	 2.58309E+01	 2.35516E+01	 2.42500E+01	 2.42500E+01	 2.41319E+01	 2.59085E+01	 2.29085E+01	 2.40113E+01	 2.49107E+01	 2.31059E+01	 2.47500E+01	 2.61397E+01	 2.55881E+01	 2.82938E+01	 2.68087E+01	 2.53575E+01	 2.45349E+01	 2.38071E+01	 2.55360E+01	 2.43636E+01	 2.72821E+01	 2.65554E+01	 2.84340E+01	 2.65908E+01	 2.82905E+01	 2.68774E+01	 2.33823E+01	 2.33952E+01	 2.59706E+01	 2.57976E+01	 2.89008E+01	 2.65952E+01	 2.35893E+01	 2.42472E+01	 2.30571E+01
 2.99849E+01	 2.58730E+01	 2.33714E+01	 2.38309E+01	 2.45000E+01	 2.49524E+01	 2.29491E+01	 2.37600E+01	 2.62600E+01	 2.37960E+01	 2.61341E+01	 2.40477E+01	 2.65560E+01	 2.82960E+01	 2.61940E+01	 2.37262E+01	 2.21031E+01	 2.46591E+01	 2.45992E+01	 2.76075E+01	 2.59706E+01	 2.53603E+01	 2.50039E+01	 2.66242E+01	 2.39984E+01	 2.37539E+01	 2.28869E+01	 2.40809E+01	 2.42400E+01	 2.49623E+01	 2.33060E+01	 2.62539E+01	 2.56707E+01	 2.51031E+01	 2.47500E+01	 2.67262E+01	 2.40610E+01	 2.57323E+01	 2.56508E+01	 2.40405E+01	 2.48226E+01	 2.35000E+01	 2.43531E+01	 2.40072E+01	 2.61358E+01	 2.40039E+01	 2.75881E+01	 2.49046E+01	 2.42310E+01	 2.38691E+01	 2.57905E+01	 2.71984E+01	 2.98420E+01	 2.59842E+01	 2.66691E+01	 2.40476E+01	 2.33309E+01	 2.14302E+01	 2.36802E+01	 2.38770E+01	 2.43742E+01
 2.69523E+01	 2.71508E+01	 2.66985E+01	 2.15039E+01	 2.38814E+01	 2.26890E+01	 2.48015E+01	 2.76607E+01	 2.28215E+01	 2.36480E+01	 2.37500E+01	 2.32500E+01	 2.56131E+01	 2.49440E+01	 2.30238E+01	 2.24191E+01	 2.42500E+01	 2.31103E+01	 2.46397E+01	 2.41774E+01	 2.46369E+01	 2.57106E+01	 2.35809E+01	 2.29762E+01	 2.39381E+01	 2.35515E+01	 2.29191E+01	 2.67500E+01	 2.44689E+01	 2.32954E+01	 2.36186E+01	 2.48060E+01	 2.28016E+01	 2.38809E+01	 2.45039E+01	 2.41691E+01	 2.51691E+01	 2.57500E+01	 2.42894E+01	 2.53774E+01	 2.68774E+01	 2.36075E+01	 2.37095E+01	 2.51070E+01	 2.32500E+01	 2.26314E+01	 2.43814E+01	 2.42123E+01	 2.43780E+01	 2.46740E+01	 2.53071E+01	 2.39762E+01	 2.66175E+01	 2.58897E+01	 2.97123E+01	 2.73714E+01	 2.38786E+01	 2.54191E+01	 2.58087E+01	 2.43675E+01	 2.55072E+01
 2.49035E+01	 2.45698E+01	 2.37500E+01	 2.22912E+01	 2.31297E+01	 2.35000E+01	 2.41286E+01	 2.75809E+01	 2.53309E+01	 2.47317E+01	 2.39035E+01	 2.34191E+01	 2.57317E+01	 2.43015E+01	 2.15793E+01	 2.26563E+01	 2.40005E+01	 2.47500E+01	 2.51508E+01	 2.31508E+01	 2.50000E+01	 2.35000E+01	 2.26563E+01	 2.48631E+01	 2.37651E+01	 2.69191E+01	 2.48476E+01	 2.58393E+01	 2.47262E+01	 2.51142E+01	 2.45000E+01	 2.25920E+01	 2.38880E+01	 2.52040E+01	 2.74540E+01	 2.41425E+01	 2.11508E+01	 2.67500E+01	 2.69191E+01	 2.51314E+01	 2.57683E+01	 2.59302E+01	 2.55515E+01	 2.44606E+01	 2.48393E+01	 2.43015E+01	 2.42754E+01	 2.62461E+01	 2.46048E+01	 2.41075E+01	 2.43853E+01	 2.45476E+01	 2.59584E+01	 2.70953E+01	 2.49090E+01	 2.51713E+01	 2.56535E+01	 2.36142E+01	 2.39008E+01	 2.60737E+01	 2.43093E+01
 2.55039E+01	 2.45060E+01	 2.31524E+01	 2.31103E+01	 2.65000E+01	 2.39346E+01	 2.45072E+01	 2.35460E+01	 2.44484E+01	 2.26175E+01	 2.45953E+01	 2.53780E+01	 2.48453E+01	 2.36452E+01	 2.44595E+01	 2.57500E+01	 2.54091E+01	 2.21695E+01	 2.37865E+01	 2.48871E+01	 2.28071E+01	 2.43110E+01	 2.63110E+01	 2.43925E+01	 2.44024E+01	 2.65000E+01	 2.53309E+01	 2.68015E+01	 2.67500E+01	 2.58758E+01	 2.61774E+01	 2.46159E+01	 2.67135E+01	 2.72500E+01	 2.66341E+01	 2.58714E+01	 2.68248E+01	 2.65177E+01	 2.53858E+01	 2.29092E+01	 2.46137E+01	 2.64651E+01	 2.59968E+01	 2.56131E+01	 2.69762E+01	 2.59440E+01	 2.40072E+01	 2.46823E+01	 2.35238E+01	 2.61397E+01	 2.44191E+01	 2.30809E+01	 2.47738E+01	 2.67084E+01	 3.02056E+01	 3.02278E+01	 2.28226E+01	 2.52040E+01	 2.54900E+01	 2.52472E+01	 2.44595E+01
 2.46020E+01	 2.59440E+01	 2.17023E+01	 2.31397E+01	 2.30881E+01	 2.47715E+01	 2.57643E+01	 2.40515E+01	 2.49302E+01	 2.60726E+01	 2.35737E+01	 2.85000E+01	 2.75992E+01	 2.34107E+01	 2.56707E+01	 2.52500E+01	 2.31286E+01	 2.29429E+01	 2.56952E+01	 2.51913E+01	 2.57151E+01	 2.38293E+01	 2.41952E+01	 2.28110E+01	 2.38869E+01	 2.38198E+01	 2.48969E+01	 2.59446E+01	 2.51071E+01	 2.30183E+01	 2.59068E+01	 2.55254E+01	 2.24762E+01	 2.38807E+01	 2.43742E+01	 2.49191E+01	 2.52323E+01	 2.73858E+01	 2.48135E+01	 2.38591E+01	 2.44640E+01	 2.31480E+01	 2.55809E+01	 2.28710E+01	 2.47357E+01	 2.64961E+01	 2.25072E+01	 2.40000E+01	 2.36769E+01	 2.36325E+01	 2.40000E+01	 2.34635E+01	 2.35072E+01	 2.34778E+01	 2.68659E+01	 2.60548E+01	 2.46890E+01	 2.41940E+01	 2.41280E+01	 2.44762E+01	 2.26910E+01
 2.36991E+01	 2.55643E+01	 2.36452E+01	 2.23952E+01	 2.19873E+01	 2.23071E+01	 2.23858E+01	 2.32317E+01	 2.55516E+01	 2.35477E+01	 2.68952E+01	 2.54119E+01	 2.57821E+01	 2.39274E+01	 2.40809E+01	 2.47095E+01	 2.45643E+01	 2.42095E+01	 2.46186E+01	 2.48642E+01	 2.54357E+01	 2.54274E+01	 2.43730E+01	 2.43753E+01	 2.60820E+01	 2.52262E+01	 2.61619E+01	 2.63603E+01	 2.54413E+01	 2.77500E+01	 2.58309E+01	 2.49118E+01	 2.33143E+01	 2.43714E+01	 2.59842E+01	 2.45000E+01	 2.41913E+01	 2.43952E+01	 2.51309E+01	 2.51508E+01	 2.40000E+01	 2.33753E+01	 2.31535E+01	 2.31103E+01	 2.16546E+01	 2.44523E+01	 2.58730E+01	 2.58841E+01	 2.38531E+01	 2.35999E+01	 2.39785E+01	 2.47738E+01	 2.29046E+01	 2.39024E+01	 2.46075E+01	 2.33198E+01	 2.31258E+01	 2.45016E+01	 2.50571E+01	 2.61501E+01	 2.50294E+01
 2.30920E+01	 2.62106E+01	 2.69340E+01	 2.40000E+01	 2.59413E+01	 2.49635E+01	 2.47373E+01	 2.43015E+01	 2.46048E+01	 2.52894E+01	 2.55476E+01	 2.77322E+01	 2.60238E+01	 2.68786E+01	 2.18686E+01	 2.35726E+01	 2.51524E+01	 2.55920E+01	 2.73520E+01	 2.66940E+01	 2.37976E+01	 2.45365E+01	 2.47960E+01	 2.44689E+01	 2.31707E+01	 2.54024E+01	 2.42500E+01	 2.33714E+01	 2.45809E+01	 2.57905E+01	 2.69357E+01	 2.53952E+01	 2.63726E+01	 2.66846E+01	 2.66846E+01	 2.63309E+01	 2.59440E+01	 2.85238E+01	 2.77095E+01	 2.56253E+01	 2.65382E+01	 2.51242E+01	 2.68520E+01	 2.33980E+01	 2.57505E+01	 2.78952E+01	 2.68548E+01	 2.82849E+01	 2.48880E+01	 2.55166E+01	 2.70763E+01	 2.60548E+01	 2.62500E+01	 2.48414E+01	 2.36890E+01	 2.36890E+01	 2.44024E+01	 2.68659E+01	 2.10452E+01	 2.30626E+01	 2.35809E+01
 2.45000E+01	 2.56785E+01	 2.43675E+01	 2.77262E+01	 2.53770E+01	 2.27500E+01	 2.69524E+01	 2.26369E+01	 2.38980E+01	 2.51802E+01	 2.95515E+01	 2.89556E+01	 2.56397E+01	 2.79984E+01	 2.47738E+01	 2.53620E+01	 2.77960E+01	 2.76480E+01	 2.50321E+01	 2.43015E+01	 2.61985E+01	 2.52627E+01	 2.38675E+01	 2.45365E+01	 2.54523E+01	 2.58869E+01	 2.40893E+01	 2.75349E+01	 2.83714E+01	 2.64357E+01	 2.63016E+01	 2.94823E+01	 2.51159E+01	 2.57572E+01	 2.58198E+01	 2.68309E+01	 2.72849E+01	 2.59623E+01	 2.71425E+01	 2.68742E+01	 2.90809E+01	 2.64046E+01	 2.44817E+01	 2.73631E+01	 2.59440E+01	 2.56846E+01	 2.53154E+01	 2.51441E+01	 2.76840E+01	 2.50920E+01	 2.78897E+01	 2.71691E+01	 2.75587E+01	 2.58897E+01	 2.66857E+01	 2.60166E+01	 2.20000E+01	 2.36075E+01	 2.27472E+01	 2.71691E+01	 2.74008E+01
 2.46071E+01	 2.47516E+01	 2.62722E+01	 2.57500E+01	 2.59085E+01	 2.66718E+01	 2.80671E+01	 2.57960E+01	 2.54484E+01	 2.32666E+01	 2.27500E+01	 2.72151E+01	 2.59784E+01	 2.52500E+01	 2.68332E+01	 2.38930E+01	 2.44540E+01	 2.38969E+01	 2.54024E+01	 2.59689E+01	 2.58631E+01	 2.31131E+01	 2.61857E+01	 2.55920E+01	 2.65918E+01	 2.65405E+01	 2.57666E+01	 2.78309E+01	 2.26452E+01	 2.56425E+01	 2.44091E+01	 2.62500E+01	 2.47528E+01	 2.36952E+01	 2.46341E+01	 2.41508E+01	 2.37905E+01	 2.50382E+01	 2.41452E+01	 2.48143E+01	 3.35000E+01	 2.85166E+01	 2.97500E+01	 2.81214E+01	 2.68071E+01	 2.46746E+01	 2.26774E+01	 2.51270E+01	 2.36480E+01	 3.26103E+01	 2.87206E+01	 2.74413E+01	 2.24063E+01	 2.40079E+01	 2.31586E+01	 2.33863E+01	 2.61480E+01	 2.57500E+01	 2.34856E+01	 2.42123E+01	 2.59191E+01
 2.18575E+01	 2.82565E+01	 2.22738E+01	 2.53809E+01	 2.34545E+01	 2.62499E+01	 2.83573E+01	 2.87794E+01	 2.64191E+01	 2.44928E+01	 2.32211E+01	 2.21131E+01	 2.40643E+01	 2.37199E+01	 2.26946E+01	 2.56563E+01	 2.35000E+01	 2.44429E+01	 2.36392E+01	 2.48326E+01	 2.80476E+01	 2.70671E+01	 2.36425E+01	 2.46591E+01	 2.64584E+01	 2.70587E+01	 2.82062E+01	 2.55127E+01	 2.93603E+01	 2.56186E+01	 1.56294E+02	 5.62162E+02	 2.51524E+01	 2.39928E+01	 2.56070E+01	 2.75039E+01	 2.63226E+01	 2.38016E+01	 2.61103E+01	 2.81563E+01	 2.63320E+01	 2.63154E+01	 2.52754E+01	 2.57794E+01	 2.69191E+01	 2.37865E+01	 2.65775E+01	 2.73691E+01	 2.47262E+01	 2.36286E+01	 2.38969E+01	 2.42040E+01	 2.47023E+01	 2.25820E+01	 2.54357E+01	 2.62500E+01	 2.48786E+01	 2.46774E+01	 2.26363E+01	 2.35000E+01	 2.51607E+01
 2.45932E+01	 2.33631E+01	 2.72849E+01	 2.37762E+01	 2.57715E+01	 2.54746E+01	 2.62738E+01	 2.50976E+01	 2.69523E+01	 2.68925E+01	 2.53215E+01	 2.57627E+01	 2.51214E+01	 2.40976E+01	 2.94429E+01	 2.41059E+01	 2.78941E+01	 3.04785E+01	 2.45805E+01	 2.46857E+01	 2.60682E+01	 2.53476E+01	 2.40937E+01	 2.78941E+01	 2.95000E+01	 8.99566E+01	 2.77255E+01	 2.78772E+01	 2.56890E+01	 2.52882E+01	 2.44972E+01	 2.67560E+01	 2.66425E+01	 2.33897E+01	 2.67643E+01	 2.51159E+01	 2.59584E+01	 2.41142E+01	 2.76210E+01	 2.74968E+01	 2.54191E+01	 2.27722E+01	 2.69274E+01	 2.79921E+01	 2.48420E+01	 2.45183E+01	 2.33499E+01	 2.72500E+01	 2.63675E+01	 2.30654E+01	 2.38880E+01	 2.67023E+01	 2.56985E+01	 2.65000E+01	 2.34873E+01	 2.52095E+01	 2.34440E+01	 2.57123E+01	 2.44715E+01	 2.88797E+01	 2.58520E+01
 2.60382E+01	 2.87715E+01	 2.32849E+01	 2.40000E+01	 2.38548E+01	 2.71462E+01	 2.83074E+01	 2.30316E+01	 2.54374E+01	 2.57123E+01	 2.50920E+01	 2.70502E+01	 2.71501E+01	 2.81524E+01	 2.88575E+01	 2.39540E+01	 2.73747E+01	 2.57140E+01	 2.44191E+01	 2.59595E+01	 2.87738E+01	 2.52500E+01	 2.37246E+01	 2.73071E+01	 3.15166E+01	 2.86135E+01	 2.92067E+01	 2.65912E+01	 2.44952E+01	 2.55365E+01	 2.41668E+01	 2.52948E+01	 2.51480E+01	 2.33520E+01	 2.48714E+01	 2.75932E+01	 2.45548E+01	 2.44047E+01	 2.71369E+01	 2.63675E+01	 2.35238E+01	 2.65000E+01	 2.89047E+01	 2.38809E+01	 2.39540E+01	 2.46242E+01	 2.33849E+01	 2.65587E+01	 2.66984E+01	 2.38309E+01	 2.32468E+01	 2.56075E+01	 2.58974E+01	 2.75726E+01	 2.45965E+01	 2.77579E+01	 2.81230E+01	 2.75222E+01	 2.68603E+01	 2.20554E+01	 2.51774E+01
 2.48675E+01	 2.89762E+01	 2.79446E+01	 2.60166E+01	 3.13533E+01	 2.48797E+01	 2.61108E+01	 2.51330E+01	 2.44379E+01	 2.84606E+01	 2.94008E+01	 2.63770E+01	 2.43571E+01	 2.52500E+01	 2.54772E+01	 2.34762E+01	 2.66480E+01	 2.65000E+01	 3.02500E+01	 2.74834E+01	 3.31247E+01	 2.63015E+01	 2.72077E+01	 2.57255E+01	 2.62713E+01	 2.88464E+01	 2.50143E+01	 2.64440E+01	 2.74554E+01	 2.65452E+01	 2.86020E+01	 2.88320E+01	 2.57548E+01	 2.70238E+01	 2.78686E+01	 2.66369E+01	 2.86535E+01	 2.91619E+01	 2.49524E+01	 2.33603E+01	 2.68425E+01	 2.58603E+01	 2.85294E+01	 2.78309E+01	 2.79746E+01	 2.39523E+01	 2.65698E+01	 2.61425E+01	 2.50920E+01	 2.52472E+01	 3.04778E+01	 3.31691E+01	 2.51392E+01	 2.39618E+01	 2.78381E+01	 2.76309E+01	 2.69246E+01	 2.54635E+01	 2.80178E+01	 2.69180E+01	 2.93575E+01
 2.57627E+01	 2.62905E+01	 3.01159E+01	 2.82539E+01	 2.64572E+01	 2.28453E+01	 2.45000E+01	 2.57572E+01	 2.75554E+01	 2.95587E+01	 2.50000E+01	 3.22860E+01	 2.61142E+01	 2.76846E+01	 3.13780E+01	 2.49762E+01	 2.19440E+01	 2.57403E+01	 2.76774E+01	 2.76048E+01	 2.95726E+01	 2.84706E+01	 2.67905E+01	 2.67357E+01	 2.72905E+01	 2.72677E+01	 2.82300E+01	 3.25065E+01	 3.07201E+01	 2.78880E+01	 2.39124E+01	 2.72428E+01	 2.94562E+01	 2.65809E+01	 2.44195E+01	 2.32616E+01	 2.51226E+01	 2.76314E+01	 2.98575E+01	 2.58608E+01	 2.91774E+01	 3.05671E+01	 2.51048E+01	 2.38691E+01	 2.39928E+01	 2.62317E+01	 2.57794E+01	 2.47794E+01	 2.53548E+01	 2.36071E+01	 2.57472E+01	 2.62577E+01	 2.51441E+01	 2.45626E+01	 2.46286E+01	 2.33309E+01	 2.71226E+01	 2.66258E+01	 2.52500E+01	 2.66480E+01	 2.94540E+01
 2.39107E+01	 2.65028E+01	 2.58570E+01	 2.60715E+01	 2.87854E+01	 2.52500E+01	 2.92484E+01	 2.55587E+01	 2.65000E+01	 2.95942E+01	 2.71181E+01	 2.54762E+01	 2.46186E+01	 2.40587E+01	 2.58897E+01	 2.81247E+01	 2.58110E+01	 2.51441E+01	 2.48753E+01	 2.63309E+01	 2.81452E+01	 2.82794E+01	 3.01774E+01	 2.87500E+01	 2.62865E+01	 3.00254E+01	 3.14817E+01	 3.16746E+01	 2.50881E+01	 2.91563E+01	 2.90874E+01	 2.30304E+01	 2.59118E+01	 2.51108E+01	 2.45143E+01	 2.35000E+01	 3.24047E+01	 2.36524E+01	 2.48747E+01	 2.68925E+01	 2.72088E+01	 2.47400E+01	 2.65571E+01	 2.43524E+01	 2.57794E+01	 2.33309E+01	 2.89623E+01	 2.55294E+01	 2.31142E+01	 2.28797E+01	 2.46691E+01	 2.52528E+01	 2.73980E+01	 2.60354E+01	 2.39972E+01	 2.42023E+01	 2.48603E+01	 2.49570E+01	 2.20792E+01	 2.72500E+01	 2.69562E+01
 2.73409E+01	 2.53603E+01	 2.41585E+01	 2.22206E+01	 2.87084E+01	 2.78897E+01	 2.65476E+01	 2.85000E+01	 2.47677E+01	 2.66112E+01	 2.41774E+01	 2.60177E+01	 2.65254E+01	 2.70715E+01	 2.73309E+01	 2.41314E+01	 2.73087E+01	 2.92024E+01	 2.65000E+01	 3.30048E+01	 2.63603E+01	 2.83381E+01	 2.66474E+01	 2.78198E+01	 2.73453E+01	 2.75476E+01	 2.74800E+01	 2.76546E+01	 2.83753E+01	 2.86369E+01	 2.42472E+01	 2.71940E+01	 2.51319E+01	 2.74274E+01	 2.50460E+01	 2.54928E+01	 2.70000E+01	 2.60349E+01	 2.36270E+01	 2.62860E+01	 2.89504E+01	 2.79701E+01	 2.70509E+01	 2.58974E+01	 2.66691E+01	 2.55881E+01	 2.47500E+01	 2.23071E+01	 2.51591E+01	 2.46307E+01	 2.48753E+01	 2.31253E+01	 2.77500E+01	 2.32278E+01	 2.66181E+01	 2.71031E+01	 2.93647E+01	 2.27206E+01	 2.47428E+01	 2.56142E+01	 2.36226E+01
 2.38432E+01	 2.55000E+01	 2.45793E+01	 2.34446E+01	 2.26563E+01	 2.96524E+01	 2.52977E+01	 2.45412E+01	 2.45294E+01	 2.52285E+01	 2.69357E+01	 2.68853E+01	 2.51568E+01	 2.63154E+01	 2.38154E+01	 2.53714E+01	 2.59063E+01	 2.78631E+01	 2.38980E+01	 2.80405E+01	 2.33024E+01	 2.86048E+01	 2.66247E+01	 2.64540E+01	 2.64180E+01	 2.65515E+01	 2.69080E+01	 2.89800E+01	 2.82201E+01	 2.80000E+01	 2.71940E+01	 2.96210E+01	 2.53143E+01	 2.65560E+01	 2.71580E+01	 2.43631E+01	 2.66508E+01	 2.72213E+01	 2.74524E+01	 2.54570E+01	 2.73880E+01	 2.99246E+01	 2.85405E+01	 2.76280E+01	 2.71452E+01	 2.93548E+01	 2.41619E+01	 2.67500E+01	 2.73841E+01	 2.60881E+01	 2.63520E+01	 2.96286E+01	 2.54595E+01	 2.76857E+01	 2.57262E+01	 2.53520E+01	 3.03952E+01	 2.22832E+01	 4.19767E+00	 1.68672E+00	 2.75000E+00
 2.62201E+01	 2.67666E+01	 2.46646E+01	 2.49440E+01	 2.48863E+01	 2.71480E+01	 2.91774E+01	 2.79972E+01	 3.05698E+01	 2.50920E+01	 2.54834E+01	 2.65515E+01	 2.65000E+01	 2.62505E+01	 2.55072E+01	 2.50304E+01	 2.83952E+01	 2.71452E+01	 2.50731E+01	 2.43015E+01	 2.41425E+01	 2.49679E+01	 2.71380E+01	 2.45920E+01	 2.62500E+01	 2.52500E+01	 2.59900E+01	 2.96020E+01	 2.63414E+01	 2.67683E+01	 2.84623E+01	 2.46452E+01	 2.55294E+01	 2.52500E+01	 2.64346E+01	 2.59001E+01	 2.43952E+01	 2.30077E+01	 2.49168E+01	 2.99124E+01	 2.62062E+01	 2.67262E+01	 2.61774E+01	 2.80587E+01	 2.83548E+01	 2.68742E+01	 2.69524E+01	 2.46120E+01	 2.50809E+01	 2.43714E+01	 2.51480E+01	 2.64107E+01	 2.34440E+01	 2.24524E+01	 2.42040E+01	 2.85515E+01	 2.87986E+01	 2.52854E+01	 2.21881E+01	 2.41619E+01	 2.44213E+01
 2.46425E+01	 2.38548E+01	 2.47849E+01	 2.55072E+01	 2.81286E+01	 2.84595E+01	 2.50460E+01	 2.34146E+01	 2.46142E+01	 2.46075E+01	 2.27400E+01	 2.62627E+01	 2.38182E+01	 2.48060E+01	 2.63659E+01	 2.53381E+01	 2.51452E+01	 2.68941E+01	 2.46380E+01	 2.71059E+01	 2.57500E+01	 2.38054E+01	 2.49900E+01	 2.58015E+01	 2.65177E+01	 2.73425E+01	 2.68570E+01	 2.71480E+01	 2.90643E+01	 2.76524E+01	 2.35881E+01	 2.52400E+01	 2.40593E+01	 2.62976E+01	 2.58198E+01	 2.87500E+01	 3.02118E+01	 2.51230E+01	 2.57738E+01	 2.48730E+01	 2.67120E+01	 2.74810E+01	 2.91013E+01	 2.36452E+01	 2.61170E+01	 2.41364E+01	 2.43143E+01	 2.41940E+01	 2.39810E+01	 2.44810E+01	 2.46270E+01	 2.50095E+01	 2.57595E+01	 2.48642E+01	 2.55748E+01	 2.17500E+01	 2.30571E+01	 2.53996E+01	 2.39440E+01	 2.50920E+01	 2.51874E+01
